-392.48322 1 1
-371.80705 1 2
-392.57708 1 3
-369.02502 1 4
-378.03635 1 5
-364.46948 1 6
-389.25735 1 7
-387.8923 1 8
-372.52867 1 9
-375.10401 1 10
-354.19258 1 11
-390.14548 1 12
-380.30968 1 13
-388.47552 1 14
-367.77626 1 15
-388.12713 1 16
-389.14543 1 17
-389.10319 1 18
-383.66647 1 19
-387.10889 1 20
-373.65454 1 21
-390.49603 1 22
-392.57155 1 23
-379.10765 1 24
-392.4832 1 25
-360.76019 1 26
-379.04905 1 27
-375.28124 1 28
-388.60662 1 29
-380.44612 1 30
-380.01063 1 31
-367.62277 1 32
-373.15363 1 33
-384.56976 1 34
-382.52381 1 35
-388.53917 1 36
-373.4669 1 37
-377.5417 1 38
-384.74532 1 39
-372.99834 1 40
-386.54144 1 41
-387.13324 1 42
-389.28861 1 43
-364.04077 1 44
-383.88731 1 45
-382.99155 1 46
-384.64496 1 47
-383.38087 1 48
-392.57161 1 49
-383.53788 1 50
-372.88373 1 51
-390.64467 1 52
-390.56499 1 53
-384.87554 1 54
-374.91747 1 55
-377.60872 1 56
-375.46771 1 57
-385.58987 1 58
-381.536 1 59
-386.23557 1 60
-390.49604 1 61
-391.31395 1 62
-355.38346 1 63
-379.06535 1 64
-388.61909 1 65
-391.68831 1 66
-389.02628 1 67
-368.33799 1 68
-388.47621 1 69
-388.04462 1 70
-386.0572 1 71
-378.65673 1 72
-390.32776 1 73
-390.23202 1 74
-391.90075 1 75
-390.87786 1 76
-386.83149 1 77
-389.80884 1 78
-372.57502 1 79
-384.3661 1 80
-386.97416 1 81
-386.88242 1 82
-384.09906 1 83
-387.85254 1 84
-376.94923 1 85
-355.9014 1 86
-387.61989 1 87
-379.7544 1 88
-366.0941 1 89
-386.3557 1 90
-387.79682 1 91
-374.78566 1 92
-385.55886 1 93
-372.74321 1 94
-378.37478 1 95
-386.47117 1 96
-369.08153 1 97
-377.5069 1 98
-372.21989 1 99
-376.67485 1 100
-392.72613 2 1
-392.72611 2 2
-392.72611 2 3
-392.72604 2 4
-392.70584 2 5
-392.70582 2 6
-392.7058 2 7
-392.57784 2 8
-392.57708 2 9
-392.57705 2 10
-392.57688 2 11
-392.57161 2 12
-392.57155 2 13
-392.57119 2 14
-392.48322 2 15
-392.4832 2 16
-392.48316 2 17
-392.16246 2 18
-392.06177 2 19
-392.05215 2 20
-392.06543 2 21
-392.03132 2 22
-391.95862 2 23
-391.90075 2 24
-391.90045 2 25
-391.89999 2 26
-391.68906 2 27
-391.31396 2 28
-391.31395 2 29
-391.07099 2 30
-391.00496 2 31
-390.87786 2 32
-390.82195 2 33
-390.82195 2 34
-390.82195 2 35
-390.8129 2 36
-390.77978 2 37
-390.64467 2 38
-390.56499 2 39
-390.50054 2 40
-390.49604 2 41
-390.49603 2 42
-390.42232 2 43
-390.41901 2 44
-390.32776 2 45
-390.32421 2 46
-390.27517 2 47
-390.27517 2 48
-390.23236 2 49
-390.21795 2 50
-390.20556 2 51
-390.1463 2 52
-390.14548 2 53
-390.13245 2 54
-390.13245 2 55
-390.13245 2 56
-390.08224 2 57
-390.08128 2 58
-390.02803 2 59
-389.8969 2 60
-389.84123 2 61
-389.8287 2 62
-389.80927 2 63
-389.69709 2 64
-391.33493 2 65
-389.54462 2 66
-389.46456 2 67
-389.28861 2 68
-389.25749 2 69
-389.25782 2 70
-389.21151 2 71
-389.14543 2 72
-389.13375 2 73
-389.1318 2 74
-389.10322 2 75
-389.10319 2 76
-389.05233 2 77
-389.06074 2 78
-388.94718 2 79
-388.92032 2 80
-388.89424 2 81
-388.77936 2 82
-388.73598 2 83
-388.62975 2 84
-388.6655 2 85
-388.61909 2 86
-388.64071 2 87
-388.60445 2 88
-388.53917 2 89
-388.47621 2 90
-388.47606 2 91
-388.274 2 92
-388.27124 2 93
-388.19874 2 94
-388.16216 2 95
-388.13442 2 96
-388.12713 2 97
-388.04462 2 98
-388.00981 2 99
-387.90828 2 100
-392.72613 3 1
-392.72612 3 2
-392.72611 3 3
-392.72611 3 4
-392.72604 3 5
-392.72604 3 6
-392.72599 3 7
-392.72595 3 8
-392.72587 3 9
-392.72556 3 10
-392.70585 3 11
-392.70584 3 12
-392.70582 3 13
-392.7058 3 14
-392.70572 3 15
-392.7057 3 16
-392.70547 3 17
-392.70523 3 18
-392.69473 3 19
-392.57801 3 20
-392.57796 3 21
-392.57794 3 22
-392.57784 3 23
-392.57708 3 24
-392.57705 3 25
-392.577 3 26
-392.57688 3 27
-392.57161 3 28
-392.57158 3 29
-392.57156 3 30
-392.57155 3 31
-392.57152 3 32
-392.57147 3 33
-392.57119 3 34
-392.48324 3 35
-392.48322 3 36
-392.48322 3 37
-392.4832 3 38
-392.48316 3 39
-392.48312 3 40
-392.24826 3 41
-392.16246 3 42
-392.08394 3 43
-392.06591 3 44
-392.06177 3 45
-392.05215 3 46
-392.03132 3 47
-391.98813 3 48
-391.95862 3 49
-391.90079 3 50
-391.90075 3 51
-391.90045 3 52
-391.9004 3 53
-391.90045 3 54
-391.90034 3 55
-391.90033 3 56
-391.89999 3 57
-391.88844 3 58
-391.88832 3 59
-391.86777 3 60
-391.68906 3 61
-392.57792 3 62
-392.48321 3 63
-391.43836 3 64
-391.34862 3 65
-391.59748 3 66
-391.31397 3 67
-391.31396 3 68
-391.31395 3 69
-391.20899 3 70
-391.10086 3 71
-391.10516 3 72
-391.07099 3 73
-391.00496 3 74
-390.98622 3 75
-390.87786 3 76
-390.84816 3 77
-390.82195 3 78
-390.82195 3 79
-390.82195 3 80
-390.8129 3 81
-390.77978 3 82
-390.65777 3 83
-390.64467 3 84
-390.6032 3 85
-390.56499 3 86
-390.50054 3 87
-390.49605 3 88
-390.49604 3 89
-390.49603 3 90
-390.42232 3 91
-390.41901 3 92
-390.40541 3 93
-390.43857 3 94
-390.32776 3 95
-390.32421 3 96
-390.28661 3 97
-390.27517 3 98
-390.27517 3 99
-390.23236 3 100
-392.72616 4 1
-392.72613 4 2
-392.72612 4 3
-392.72611 4 4
-392.72611 4 5
-392.72604 4 6
-392.72604 4 7
-392.72603 4 8
-392.72599 4 9
-392.72597 4 10
-392.72595 4 11
-392.72592 4 12
-392.72588 4 13
-392.72587 4 14
-392.72582 4 15
-392.72556 4 16
-392.70586 4 17
-392.70585 4 18
-392.70585 4 19
-392.70584 4 20
-392.70583 4 21
-392.70582 4 22
-392.7058 4 23
-392.70572 4 24
-392.7057 4 25
-392.70547 4 26
-392.70538 4 27
-392.70529 4 28
-392.70529 4 29
-392.70525 4 30
-392.70523 4 31
-392.69473 4 32
-392.62843 4 33
-392.57801 4 34
-392.57797 4 35
-392.57796 4 36
-392.57794 4 37
-392.57792 4 38
-392.57792 4 39
-392.57789 4 40
-392.57788 4 41
-392.57784 4 42
-392.57708 4 43
-392.57705 4 44
-392.57705 4 45
-392.57704 4 46
-392.577 4 47
-392.57688 4 48
-392.57678 4 49
-392.57161 4 50
-392.57158 4 51
-392.57158 4 52
-392.57156 4 53
-392.57155 4 54
-392.57155 4 55
-392.57154 4 56
-392.57152 4 57
-392.57147 4 58
-392.57146 4 59
-392.57119 4 60
-392.5411 4 61
-392.48324 4 62
-392.48323 4 63
-392.48323 4 64
-392.48322 4 65
-392.48322 4 66
-392.48322 4 67
-392.48321 4 68
-392.48321 4 69
-392.4832 4 70
-392.4832 4 71
-392.48319 4 72
-392.48316 4 73
-392.48312 4 74
-392.48312 4 75
-392.3462 4 76
-392.24826 4 77
-392.19645 4 78
-392.16246 4 79
-392.11804 4 80
-392.08394 4 81
-392.06591 4 82
-392.06177 4 83
-392.05215 4 84
-392.03256 4 85
-392.03132 4 86
-391.98813 4 87
-391.95885 4 88
-391.95862 4 89
-391.90082 4 90
-391.90079 4 91
-391.90079 4 92
-391.90075 4 93
-391.90045 4 94
-391.90045 4 95
-391.9004 4 96
-391.90034 4 97
-391.90033 4 98
-391.89999 4 99
-391.88844 4 100
-392.72984 5 1
-392.72616 5 2
-392.72613 5 3
-392.72612 5 4
-392.72611 5 5
-392.72611 5 6
-392.72611 5 7
-392.7261 5 8
-392.72608 5 9
-392.72607 5 10
-392.72604 5 11
-392.72604 5 12
-392.72603 5 13
-392.72599 5 14
-392.72597 5 15
-392.72595 5 16
-392.72595 5 17
-392.72592 5 18
-392.72588 5 19
-392.72587 5 20
-392.72582 5 21
-392.72558 5 22
-392.72556 5 23
-392.72555 5 24
-392.72554 5 25
-392.72428 5 26
-392.70586 5 27
-392.70585 5 28
-392.70585 5 29
-392.70584 5 30
-392.70584 5 31
-392.70583 5 32
-392.70582 5 33
-392.70581 5 34
-392.7058 5 35
-392.70576 5 36
-392.70572 5 37
-392.7057 5 38
-392.70547 5 39
-392.70538 5 40
-392.70529 5 41
-392.70529 5 42
-392.70525 5 43
-392.70523 5 44
-392.69473 5 45
-392.62843 5 46
-392.57801 5 47
-392.57797 5 48
-392.57796 5 49
-392.57801 5 50
-392.57795 5 51
-392.57794 5 52
-392.57794 5 53
-392.57793 5 54
-392.57792 5 55
-392.57792 5 56
-392.57789 5 57
-392.57788 5 58
-392.57786 5 59
-392.57784 5 60
-392.5771 5 61
-392.57708 5 62
-392.57705 5 63
-392.57705 5 64
-392.57704 5 65
-392.577 5 66
-392.57695 5 67
-392.57688 5 68
-392.57678 5 69
-392.57674 5 70
-392.57161 5 71
-392.57161 5 72
-392.57158 5 73
-392.57158 5 74
-392.57156 5 75
-392.57156 5 76
-392.57155 5 77
-392.57155 5 78
-392.57154 5 79
-392.57152 5 80
-392.57147 5 81
-392.57146 5 82
-392.57119 5 83
-392.54123 5 84
-392.48324 5 85
-392.48323 5 86
-392.48323 5 87
-392.48322 5 88
-392.48322 5 89
-392.48322 5 90
-392.48322 5 91
-392.48321 5 92
-392.48321 5 93
-392.48321 5 94
-392.4832 5 95
-392.4832 5 96
-392.48319 5 97
-392.48318 5 98
-392.48318 5 99
-392.48316 5 100
-392.82052 6 1
-392.72984 6 2
-392.72616 6 3
-392.72613 6 4
-392.72613 6 5
-392.72613 6 6
-392.72612 6 7
-392.72611 6 8
-392.72611 6 9
-392.72611 6 10
-392.72611 6 11
-392.7261 6 12
-392.72609 6 13
-392.72608 6 14
-392.72608 6 15
-392.72607 6 16
-392.72604 6 17
-392.72604 6 18
-392.72604 6 19
-392.72603 6 20
-392.72599 6 21
-392.72597 6 22
-392.72595 6 23
-392.72595 6 24
-392.72592 6 25
-392.72588 6 26
-392.72587 6 27
-392.72582 6 28
-392.72558 6 29
-392.72556 6 30
-392.72555 6 31
-392.72554 6 32
-392.72428 6 33
-392.72413 6 34
-392.70586 6 35
-392.70586 6 36
-392.70585 6 37
-392.70585 6 38
-392.70584 6 39
-392.70584 6 40
-392.70583 6 41
-392.70582 6 42
-392.70581 6 43
-392.7058 6 44
-392.7058 6 45
-392.70576 6 46
-392.70572 6 47
-392.7057 6 48
-392.70554 6 49
-392.70553 6 50
-392.70551 6 51
-392.70547 6 52
-392.7054 6 53
-392.70538 6 54
-392.70537 6 55
-392.70529 6 56
-392.70529 6 57
-392.70526 6 58
-392.70525 6 59
-392.70523 6 60
-392.70516 6 61
-392.70573 6 62
-392.69473 6 63
-392.69426 6 64
-392.62843 6 65
-392.57801 6 66
-392.57801 6 67
-392.57797 6 68
-392.57796 6 69
-392.57795 6 70
-392.57794 6 71
-392.57794 6 72
-392.57794 6 73
-392.57793 6 74
-392.57792 6 75
-392.57792 6 76
-392.57789 6 77
-392.57788 6 78
-392.57786 6 79
-392.57784 6 80
-392.57711 6 81
-392.5771 6 82
-392.57708 6 83
-392.57705 6 84
-392.57705 6 85
-392.57705 6 86
-392.57705 6 87
-392.57704 6 88
-392.577 6 89
-392.57708 6 90
-392.57695 6 91
-392.57688 6 92
-392.57678 6 93
-392.57674 6 94
-392.57161 6 95
-392.57161 6 96
-392.57158 6 97
-392.57158 6 98
-392.57156 6 99
-392.57156 6 100
-392.82052 7 1
-392.72984 7 2
-392.72616 7 3
-392.72613 7 4
-392.72613 7 5
-392.72613 7 6
-392.72612 7 7
-392.72611 7 8
-392.72611 7 9
-392.72611 7 10
-392.72611 7 11
-392.7261 7 12
-392.72609 7 13
-392.72608 7 14
-392.72608 7 15
-392.72607 7 16
-392.72606 7 17
-392.72605 7 18
-392.72604 7 19
-392.72604 7 20
-392.72604 7 21
-392.72603 7 22
-392.72603 7 23
-392.726 7 24
-392.72599 7 25
-392.72597 7 26
-392.72595 7 27
-392.72595 7 28
-392.72594 7 29
-392.72593 7 30
-392.72592 7 31
-392.72588 7 32
-392.72587 7 33
-392.72582 7 34
-392.72575 7 35
-392.72558 7 36
-392.72556 7 37
-392.72555 7 38
-392.72554 7 39
-392.72512 7 40
-392.72428 7 41
-392.72415 7 42
-392.72413 7 43
-392.71692 7 44
-392.70586 7 45
-392.70586 7 46
-392.70586 7 47
-392.70586 7 48
-392.70585 7 49
-392.70585 7 50
-392.70585 7 51
-392.70585 7 52
-392.70584 7 53
-392.70584 7 54
-392.70583 7 55
-392.70582 7 56
-392.70582 7 57
-392.70582 7 58
-392.70581 7 59
-392.7058 7 60
-392.7058 7 61
-392.70576 7 62
-392.70573 7 63
-392.70572 7 64
-392.7057 7 65
-392.70554 7 66
-392.70553 7 67
-392.70551 7 68
-392.70547 7 69
-392.70546 7 70
-392.70545 7 71
-392.7054 7 72
-392.70538 7 73
-392.70537 7 74
-392.70532 7 75
-392.70529 7 76
-392.70529 7 77
-392.70526 7 78
-392.70525 7 79
-392.70523 7 80
-392.70516 7 81
-392.70503 7 82
-392.70531 7 83
-392.69473 7 84
-392.69426 7 85
-392.6815 7 86
-392.62896 7 87
-392.62843 7 88
-392.57801 7 89
-392.57801 7 90
-392.57798 7 91
-392.57798 7 92
-392.57797 7 93
-392.57796 7 94
-392.57795 7 95
-392.57794 7 96
-392.57794 7 97
-392.57794 7 98
-392.57793 7 99
-392.57792 7 100
-392.82052 8 1
-392.72984 8 2
-392.72616 8 3
-392.72613 8 4
-392.72613 8 5
-392.72613 8 6
-392.72612 8 7
-392.72611 8 8
-392.72611 8 9
-392.72611 8 10
-392.72611 8 11
-392.72611 8 12
-392.7261 8 13
-392.72609 8 14
-392.72608 8 15
-392.72608 8 16
-392.72608 8 17
-392.72607 8 18
-392.72606 8 19
-392.72605 8 20
-392.72604 8 21
-392.72604 8 22
-392.72604 8 23
-392.72604 8 24
-392.72603 8 25
-392.72603 8 26
-392.72603 8 27
-392.726 8 28
-392.72599 8 29
-392.72598 8 30
-392.72597 8 31
-392.72597 8 32
-392.72595 8 33
-392.72595 8 34
-392.72594 8 35
-392.72593 8 36
-392.72592 8 37
-392.72591 8 38
-392.72588 8 39
-392.72587 8 40
-392.72582 8 41
-392.72575 8 42
-392.72571 8 43
-392.72558 8 44
-392.72556 8 45
-392.72555 8 46
-392.72554 8 47
-392.72512 8 48
-392.7249 8 49
-392.72428 8 50
-392.72421 8 51
-392.72415 8 52
-392.72413 8 53
-392.72519 8 54
-392.71692 8 55
-392.70595 8 56
-392.70588 8 57
-392.70588 8 58
-392.70586 8 59
-392.70586 8 60
-392.70586 8 61
-392.70586 8 62
-392.70585 8 63
-392.70585 8 64
-392.70585 8 65
-392.70585 8 66
-392.70584 8 67
-392.70584 8 68
-392.70583 8 69
-392.70582 8 70
-392.70582 8 71
-392.70582 8 72
-392.70581 8 73
-392.7058 8 74
-392.7058 8 75
-392.70579 8 76
-392.70576 8 77
-392.70574 8 78
-392.70573 8 79
-392.70572 8 80
-392.7057 8 81
-392.70569 8 82
-392.70566 8 83
-392.70564 8 84
-392.70554 8 85
-392.70553 8 86
-392.70551 8 87
-392.70547 8 88
-392.70546 8 89
-392.70545 8 90
-392.7054 8 91
-392.70538 8 92
-392.70537 8 93
-392.70535 8 94
-392.70532 8 95
-392.70531 8 96
-392.7053 8 97
-392.70529 8 98
-392.70529 8 99
-392.70526 8 100
-392.82052 9 1
-392.72984 9 2
-392.72616 9 3
-392.72614 9 4
-392.72613 9 5
-392.72613 9 6
-392.72613 9 7
-392.72612 9 8
-392.72611 9 9
-392.72611 9 10
-392.72611 9 11
-392.72611 9 12
-392.72611 9 13
-392.7261 9 14
-392.72609 9 15
-392.72608 9 16
-392.72608 9 17
-392.72608 9 18
-392.72608 9 19
-392.72607 9 20
-392.72607 9 21
-392.72606 9 22
-392.72606 9 23
-392.72605 9 24
-392.72604 9 25
-392.72604 9 26
-392.72604 9 27
-392.72604 9 28
-392.72604 9 29
-392.72603 9 30
-392.72603 9 31
-392.72603 9 32
-392.726 9 33
-392.72599 9 34
-392.72598 9 35
-392.72597 9 36
-392.72597 9 37
-392.72596 9 38
-392.72595 9 39
-392.72595 9 40
-392.72594 9 41
-392.72593 9 42
-392.72592 9 43
-392.72591 9 44
-392.72588 9 45
-392.72588 9 46
-392.72587 9 47
-392.72587 9 48
-392.72582 9 49
-392.72575 9 50
-392.72571 9 51
-392.72585 9 52
-392.72558 9 53
-392.72556 9 54
-392.72555 9 55
-392.72554 9 56
-392.72608 9 57
-392.72512 9 58
-392.7249 9 59
-392.72428 9 60
-392.72421 9 61
-392.72415 9 62
-392.72413 9 63
-392.7244 9 64
-392.71692 9 65
-392.70595 9 66
-392.70588 9 67
-392.70588 9 68
-392.70586 9 69
-392.70586 9 70
-392.70586 9 71
-392.70586 9 72
-392.70585 9 73
-392.70585 9 74
-392.70585 9 75
-392.70585 9 76
-392.70584 9 77
-392.70584 9 78
-392.70583 9 79
-392.70582 9 80
-392.70582 9 81
-392.70582 9 82
-392.70581 9 83
-392.7058 9 84
-392.7058 9 85
-392.70579 9 86
-392.70579 9 87
-392.70576 9 88
-392.70576 9 89
-392.70576 9 90
-392.70574 9 91
-392.70573 9 92
-392.70572 9 93
-392.70571 9 94
-392.70571 9 95
-392.7057 9 96
-392.7057 9 97
-392.70569 9 98
-392.70569 9 99
-392.70566 9 100
-392.82052 10 1
-392.72984 10 2
-392.72616 10 3
-392.72614 10 4
-392.72613 10 5
-392.72613 10 6
-392.72613 10 7
-392.72613 10 8
-392.72612 10 9
-392.72611 10 10
-392.72611 10 11
-392.72611 10 12
-392.72611 10 13
-392.72611 10 14
-392.7261 10 15
-392.7261 10 16
-392.7261 10 17
-392.72609 10 18
-392.72609 10 19
-392.72608 10 20
-392.72608 10 21
-392.72608 10 22
-392.72608 10 23
-392.72608 10 24
-392.72608 10 25
-392.72607 10 26
-392.72607 10 27
-392.72606 10 28
-392.72606 10 29
-392.72605 10 30
-392.72604 10 31
-392.72604 10 32
-392.72604 10 33
-392.72604 10 34
-392.72604 10 35
-392.72604 10 36
-392.72603 10 37
-392.72603 10 38
-392.72603 10 39
-392.72603 10 40
-392.72602 10 41
-392.726 10 42
-392.726 10 43
-392.72599 10 44
-392.72598 10 45
-392.72598 10 46
-392.72598 10 47
-392.72597 10 48
-392.72597 10 49
-392.72596 10 50
-392.72595 10 51
-392.72595 10 52
-392.72595 10 53
-392.72595 10 54
-392.72594 10 55
-392.72593 10 56
-392.72603 10 57
-392.72592 10 58
-392.72591 10 59
-392.72588 10 60
-392.72588 10 61
-392.72587 10 62
-392.72587 10 63
-392.72585 10 64
-392.72582 10 65
-392.72577 10 66
-392.72576 10 67
-392.72575 10 68
-392.72571 10 69
-392.72566 10 70
-392.7256 10 71
-392.72558 10 72
-392.72556 10 73
-392.72555 10 74
-392.72554 10 75
-392.72548 10 76
-392.72544 10 77
-392.72544 10 78
-392.72534 10 79
-392.72523 10 80
-392.72512 10 81
-392.7249 10 82
-392.72457 10 83
-392.72609 10 84
-392.72429 10 85
-392.72428 10 86
-392.72421 10 87
-392.72415 10 88
-392.72413 10 89
-392.71725 10 90
-392.71692 10 91
-392.70595 10 92
-392.70588 10 93
-392.70588 10 94
-392.70588 10 95
-392.70586 10 96
-392.70586 10 97
-392.70586 10 98
-392.70586 10 99
-392.70585 10 100
-392.82052 11 1
-392.72984 11 2
-392.72617 11 3
-392.72616 11 4
-392.72616 11 5
-392.72614 11 6
-392.72613 11 7
-392.72613 11 8
-392.72613 11 9
-392.72613 11 10
-392.72612 11 11
-392.72611 11 12
-392.72611 11 13
-392.72611 11 14
-392.72611 11 15
-392.72611 11 16
-392.7261 11 17
-392.7261 11 18
-392.7261 11 19
-392.72609 11 20
-392.72609 11 21
-392.72609 11 22
-392.72608 11 23
-392.72608 11 24
-392.72608 11 25
-392.72608 11 26
-392.72608 11 27
-392.72608 11 28
-392.72608 11 29
-392.72607 11 30
-392.72607 11 31
-392.72607 11 32
-392.72606 11 33
-392.72606 11 34
-392.72605 11 35
-392.72605 11 36
-392.72605 11 37
-392.72604 11 38
-392.72604 11 39
-392.72604 11 40
-392.72604 11 41
-392.72604 11 42
-392.72604 11 43
-392.72604 11 44
-392.72603 11 45
-392.72603 11 46
-392.72603 11 47
-392.72603 11 48
-392.72603 11 49
-392.72602 11 50
-392.726 11 51
-392.726 11 52
-392.726 11 53
-392.726 11 54
-392.726 11 55
-392.72599 11 56
-392.72599 11 57
-392.72598 11 58
-392.72598 11 59
-392.72598 11 60
-392.72597 11 61
-392.72597 11 62
-392.72596 11 63
-392.72596 11 64
-392.72595 11 65
-392.72595 11 66
-392.72595 11 67
-392.72595 11 68
-392.72594 11 69
-392.72593 11 70
-392.72592 11 71
-392.72591 11 72
-392.72589 11 73
-392.72588 11 74
-392.72588 11 75
-392.72587 11 76
-392.72587 11 77
-392.72585 11 78
-392.72582 11 79
-392.72581 11 80
-392.72579 11 81
-392.72577 11 82
-392.72577 11 83
-392.72576 11 84
-392.72575 11 85
-392.72574 11 86
-392.72573 11 87
-392.72572 11 88
-392.72572 11 89
-392.72571 11 90
-392.72571 11 91
-392.72566 11 92
-392.7256 11 93
-392.72558 11 94
-392.72557 11 95
-392.72556 11 96
-392.72555 11 97
-392.72554 11 98
-392.72548 11 99
-392.72544 11 100
-392.82052 12 1
-392.72984 12 2
-392.72617 12 3
-392.72616 12 4
-392.72616 12 5
-392.72614 12 6
-392.72613 12 7
-392.72613 12 8
-392.72613 12 9
-392.72613 12 10
-392.72613 12 11
-392.72612 12 12
-392.72611 12 13
-392.72611 12 14
-392.72611 12 15
-392.72611 12 16
-392.72611 12 17
-392.72611 12 18
-392.7261 12 19
-392.7261 12 20
-392.7261 12 21
-392.72609 12 22
-392.72609 12 23
-392.72609 12 24
-392.72609 12 25
-392.72608 12 26
-392.72608 12 27
-392.72608 12 28
-392.72608 12 29
-392.72608 12 30
-392.72608 12 31
-392.72608 12 32
-392.72608 12 33
-392.72607 12 34
-392.72607 12 35
-392.72607 12 36
-392.72606 12 37
-392.72606 12 38
-392.72606 12 39
-392.72605 12 40
-392.72605 12 41
-392.72605 12 42
-392.72605 12 43
-392.72605 12 44
-392.72604 12 45
-392.72604 12 46
-392.72604 12 47
-392.72604 12 48
-392.72604 12 49
-392.72604 12 50
-392.72604 12 51
-392.72604 12 52
-392.72603 12 53
-392.72603 12 54
-392.72603 12 55
-392.72603 12 56
-392.72603 12 57
-392.72603 12 58
-392.72603 12 59
-392.72602 12 60
-392.72602 12 61
-392.72602 12 62
-392.72601 12 63
-392.72601 12 64
-392.726 12 65
-392.726 12 66
-392.726 12 67
-392.726 12 68
-392.726 12 69
-392.726 12 70
-392.726 12 71
-392.72599 12 72
-392.72599 12 73
-392.72598 12 74
-392.72598 12 75
-392.72598 12 76
-392.72597 12 77
-392.72597 12 78
-392.72597 12 79
-392.72596 12 80
-392.72596 12 81
-392.72596 12 82
-392.72596 12 83
-392.72595 12 84
-392.72595 12 85
-392.72595 12 86
-392.72595 12 87
-392.72594 12 88
-392.72593 12 89
-392.72593 12 90
-392.72592 12 91
-392.72591 12 92
-392.72589 12 93
-392.72588 12 94
-392.72588 12 95
-392.72587 12 96
-392.72587 12 97
-392.72587 12 98
-392.72586 12 99
-392.72585 12 100
-392.82052 13 1
-392.72984 13 2
-392.72617 13 3
-392.72616 13 4
-392.72616 13 5
-392.72615 13 6
-392.72614 13 7
-392.72613 13 8
-392.72613 13 9
-392.72613 13 10
-392.72613 13 11
-392.72613 13 12
-392.72612 13 13
-392.72611 13 14
-392.72611 13 15
-392.72611 13 16
-392.72611 13 17
-392.72611 13 18
-392.72611 13 19
-392.7261 13 20
-392.7261 13 21
-392.7261 13 22
-392.72609 13 23
-392.72609 13 24
-392.72609 13 25
-392.72609 13 26
-392.72609 13 27
-392.72608 13 28
-392.72608 13 29
-392.72608 13 30
-392.72608 13 31
-392.72608 13 32
-392.72608 13 33
-392.72608 13 34
-392.72608 13 35
-392.72608 13 36
-392.72607 13 37
-392.72607 13 38
-392.72607 13 39
-392.72606 13 40
-392.72606 13 41
-392.72606 13 42
-392.72605 13 43
-392.72605 13 44
-392.72605 13 45
-392.72605 13 46
-392.72605 13 47
-392.72605 13 48
-392.72604 13 49
-392.72604 13 50
-392.72604 13 51
-392.72604 13 52
-392.72604 13 53
-392.72604 13 54
-392.72604 13 55
-392.72604 13 56
-392.72604 13 57
-392.72603 13 58
-392.72603 13 59
-392.72603 13 60
-392.72603 13 61
-392.72603 13 62
-392.72603 13 63
-392.72603 13 64
-392.72603 13 65
-392.72603 13 66
-392.72602 13 67
-392.72602 13 68
-392.72602 13 69
-392.72602 13 70
-392.72601 13 71
-392.72601 13 72
-392.726 13 73
-392.726 13 74
-392.726 13 75
-392.726 13 76
-392.726 13 77
-392.726 13 78
-392.726 13 79
-392.726 13 80
-392.726 13 81
-392.726 13 82
-392.72599 13 83
-392.72599 13 84
-392.72599 13 85
-392.72599 13 86
-392.72598 13 87
-392.72598 13 88
-392.72598 13 89
-392.72597 13 90
-392.72597 13 91
-392.72597 13 92
-392.72596 13 93
-392.72596 13 94
-392.72596 13 95
-392.72596 13 96
-392.72596 13 97
-392.72595 13 98
-392.72595 13 99
-392.72595 13 100
-392.82052 14 1
-392.72984 14 2
-392.72617 14 3
-392.72616 14 4
-392.72616 14 5
-392.72615 14 6
-392.72615 14 7
-392.72614 14 8
-392.72613 14 9
-392.72613 14 10
-392.72613 14 11
-392.72613 14 12
-392.72613 14 13
-392.72613 14 14
-392.72612 14 15
-392.72612 14 16
-392.72611 14 17
-392.72611 14 18
-392.72611 14 19
-392.72611 14 20
-392.72611 14 21
-392.72611 14 22
-392.72611 14 23
-392.7261 14 24
-392.7261 14 25
-392.7261 14 26
-392.7261 14 27
-392.72609 14 28
-392.72609 14 29
-392.72609 14 30
-392.72609 14 31
-392.72609 14 32
-392.72609 14 33
-392.72608 14 34
-392.72608 14 35
-392.72608 14 36
-392.72608 14 37
-392.72608 14 38
-392.72608 14 39
-392.72608 14 40
-392.72608 14 41
-392.72608 14 42
-392.72608 14 43
-392.72607 14 44
-392.72607 14 45
-392.72607 14 46
-392.72607 14 47
-392.72607 14 48
-392.72607 14 49
-392.72606 14 50
-392.72606 14 51
-392.72606 14 52
-392.72606 14 53
-392.72605 14 54
-392.72605 14 55
-392.72605 14 56
-392.72605 14 57
-392.72605 14 58
-392.72605 14 59
-392.72605 14 60
-392.72605 14 61
-392.72604 14 62
-392.72604 14 63
-392.72604 14 64
-392.72604 14 65
-392.72604 14 66
-392.72604 14 67
-392.72604 14 68
-392.72604 14 69
-392.72604 14 70
-392.72604 14 71
-392.72604 14 72
-392.72603 14 73
-392.72603 14 74
-392.72603 14 75
-392.72603 14 76
-392.72603 14 77
-392.72603 14 78
-392.72603 14 79
-392.72603 14 80
-392.72603 14 81
-392.72603 14 82
-392.72602 14 83
-392.72602 14 84
-392.72602 14 85
-392.72602 14 86
-392.72602 14 87
-392.72602 14 88
-392.72602 14 89
-392.72602 14 90
-392.72601 14 91
-392.72601 14 92
-392.72601 14 93
-392.726 14 94
-392.726 14 95
-392.726 14 96
-392.726 14 97
-392.726 14 98
-392.726 14 99
-392.726 14 100
-392.82052 15 1
-392.72984 15 2
-392.72617 15 3
-392.72617 15 4
-392.72616 15 5
-392.72616 15 6
-392.72615 15 7
-392.72615 15 8
-392.72614 15 9
-392.72613 15 10
-392.72613 15 11
-392.72613 15 12
-392.72613 15 13
-392.72613 15 14
-392.72613 15 15
-392.72613 15 16
-392.72613 15 17
-392.72612 15 18
-392.72612 15 19
-392.72612 15 20
-392.72611 15 21
-392.72611 15 22
-392.72611 15 23
-392.72611 15 24
-392.72611 15 25
-392.72611 15 26
-392.72611 15 27
-392.7261 15 28
-392.7261 15 29
-392.7261 15 30
-392.7261 15 31
-392.7261 15 32
-392.7261 15 33
-392.7261 15 34
-392.7261 15 35
-392.72609 15 36
-392.72609 15 37
-392.72609 15 38
-392.72609 15 39
-392.72609 15 40
-392.72609 15 41
-392.72608 15 42
-392.72608 15 43
-392.72608 15 44
-392.72608 15 45
-392.72608 15 46
-392.72608 15 47
-392.72608 15 48
-392.72608 15 49
-392.72608 15 50
-392.72608 15 51
-392.72608 15 52
-392.72608 15 53
-392.72607 15 54
-392.72607 15 55
-392.72607 15 56
-392.72607 15 57
-392.72607 15 58
-392.72607 15 59
-392.72607 15 60
-392.72607 15 61
-392.72607 15 62
-392.72607 15 63
-392.72606 15 64
-392.72606 15 65
-392.72606 15 66
-392.72606 15 67
-392.72605 15 68
-392.72605 15 69
-392.72605 15 70
-392.72605 15 71
-392.72605 15 72
-392.72605 15 73
-392.72605 15 74
-392.72605 15 75
-392.72604 15 76
-392.72604 15 77
-392.72604 15 78
-392.72604 15 79
-392.72604 15 80
-392.72604 15 81
-392.72604 15 82
-392.72604 15 83
-392.72604 15 84
-392.72604 15 85
-392.72604 15 86
-392.72604 15 87
-392.72604 15 88
-392.72603 15 89
-392.72603 15 90
-392.72603 15 91
-392.72603 15 92
-392.72603 15 93
-392.72603 15 94
-392.72603 15 95
-392.72603 15 96
-392.72603 15 97
-392.72603 15 98
-392.72603 15 99
-392.72602 15 100
-392.82052 16 1
-392.72984 16 2
-392.72618 16 3
-392.72617 16 4
-392.72617 16 5
-392.72616 16 6
-392.72616 16 7
-392.72615 16 8
-392.72615 16 9
-392.72614 16 10
-392.72613 16 11
-392.72613 16 12
-392.72613 16 13
-392.72613 16 14
-392.72613 16 15
-392.72613 16 16
-392.72613 16 17
-392.72613 16 18
-392.72612 16 19
-392.72612 16 20
-392.72612 16 21
-392.72611 16 22
-392.72611 16 23
-392.72611 16 24
-392.72611 16 25
-392.72611 16 26
-392.72611 16 27
-392.72611 16 28
-392.72611 16 29
-392.72611 16 30
-392.7261 16 31
-392.7261 16 32
-392.7261 16 33
-392.7261 16 34
-392.7261 16 35
-392.7261 16 36
-392.7261 16 37
-392.7261 16 38
-392.72609 16 39
-392.72609 16 40
-392.72609 16 41
-392.72609 16 42
-392.72609 16 43
-392.72609 16 44
-392.72609 16 45
-392.72609 16 46
-392.72608 16 47
-392.72608 16 48
-392.72608 16 49
-392.72608 16 50
-392.72608 16 51
-392.72608 16 52
-392.72608 16 53
-392.72608 16 54
-392.72608 16 55
-392.72608 16 56
-392.72608 16 57
-392.72608 16 58
-392.72607 16 59
-392.72607 16 60
-392.72607 16 61
-392.72607 16 62
-392.72607 16 63
-392.72607 16 64
-392.72607 16 65
-392.72607 16 66
-392.72607 16 67
-392.72607 16 68
-392.72606 16 69
-392.72606 16 70
-392.72606 16 71
-392.72606 16 72
-392.72606 16 73
-392.72606 16 74
-392.72606 16 75
-392.72606 16 76
-392.72605 16 77
-392.72605 16 78
-392.72605 16 79
-392.72605 16 80
-392.72605 16 81
-392.72605 16 82
-392.72605 16 83
-392.72605 16 84
-392.72605 16 85
-392.72605 16 86
-392.72605 16 87
-392.72604 16 88
-392.72604 16 89
-392.72604 16 90
-392.72604 16 91
-392.72604 16 92
-392.72604 16 93
-392.72604 16 94
-392.72604 16 95
-392.72604 16 96
-392.72604 16 97
-392.72604 16 98
-392.72604 16 99
-392.72604 16 100
-392.82052 17 1
-392.72984 17 2
-392.72618 17 3
-392.72618 17 4
-392.72617 17 5
-392.72617 17 6
-392.72616 17 7
-392.72616 17 8
-392.72615 17 9
-392.72615 17 10
-392.72614 17 11
-392.72614 17 12
-392.72614 17 13
-392.72613 17 14
-392.72613 17 15
-392.72613 17 16
-392.72613 17 17
-392.72613 17 18
-392.72613 17 19
-392.72613 17 20
-392.72613 17 21
-392.72612 17 22
-392.72612 17 23
-392.72612 17 24
-392.72612 17 25
-392.72611 17 26
-392.72611 17 27
-392.72611 17 28
-392.72611 17 29
-392.72611 17 30
-392.72611 17 31
-392.72611 17 32
-392.72611 17 33
-392.72611 17 34
-392.72611 17 35
-392.72611 17 36
-392.72611 17 37
-392.72611 17 38
-392.7261 17 39
-392.7261 17 40
-392.7261 17 41
-392.7261 17 42
-392.7261 17 43
-392.7261 17 44
-392.7261 17 45
-392.7261 17 46
-392.7261 17 47
-392.72609 17 48
-392.72609 17 49
-392.72609 17 50
-392.72609 17 51
-392.72609 17 52
-392.72609 17 53
-392.72609 17 54
-392.72609 17 55
-392.72609 17 56
-392.72608 17 57
-392.72608 17 58
-392.72608 17 59
-392.72608 17 60
-392.72608 17 61
-392.72608 17 62
-392.72608 17 63
-392.72608 17 64
-392.72608 17 65
-392.72608 17 66
-392.72608 17 67
-392.72608 17 68
-392.72607 17 69
-392.72607 17 70
-392.72607 17 71
-392.72607 17 72
-392.72607 17 73
-392.72607 17 74
-392.72607 17 75
-392.72607 17 76
-392.72607 17 77
-392.72607 17 78
-392.72606 17 79
-392.72606 17 80
-392.72606 17 81
-392.72606 17 82
-392.72606 17 83
-392.72606 17 84
-392.72606 17 85
-392.72606 17 86
-392.72606 17 87
-392.72605 17 88
-392.72605 17 89
-392.72605 17 90
-392.72605 17 91
-392.72605 17 92
-392.72605 17 93
-392.72605 17 94
-392.72605 17 95
-392.72605 17 96
-392.72605 17 97
-392.72605 17 98
-392.72605 17 99
-392.72604 17 100
-392.82052 18 1
-392.72984 18 2
-392.72618 18 3
-392.72618 18 4
-392.72617 18 5
-392.72617 18 6
-392.72616 18 7
-392.72616 18 8
-392.72615 18 9
-392.72615 18 10
-392.72614 18 11
-392.72614 18 12
-392.72614 18 13
-392.72614 18 14
-392.72613 18 15
-392.72613 18 16
-392.72613 18 17
-392.72613 18 18
-392.72613 18 19
-392.72613 18 20
-392.72613 18 21
-392.72613 18 22
-392.72612 18 23
-392.72612 18 24
-392.72612 18 25
-392.72612 18 26
-392.72612 18 27
-392.72611 18 28
-392.72611 18 29
-392.72611 18 30
-392.72611 18 31
-392.72611 18 32
-392.72611 18 33
-392.72611 18 34
-392.72611 18 35
-392.72611 18 36
-392.72611 18 37
-392.72611 18 38
-392.72611 18 39
-392.72611 18 40
-392.72611 18 41
-392.72611 18 42
-392.7261 18 43
-392.7261 18 44
-392.7261 18 45
-392.7261 18 46
-392.7261 18 47
-392.7261 18 48
-392.7261 18 49
-392.7261 18 50
-392.7261 18 51
-392.7261 18 52
-392.7261 18 53
-392.72609 18 54
-392.72609 18 55
-392.72609 18 56
-392.72609 18 57
-392.72609 18 58
-392.72609 18 59
-392.72609 18 60
-392.72609 18 61
-392.72609 18 62
-392.72609 18 63
-392.72609 18 64
-392.72608 18 65
-392.72608 18 66
-392.72608 18 67
-392.72608 18 68
-392.72608 18 69
-392.72608 18 70
-392.72608 18 71
-392.72608 18 72
-392.72608 18 73
-392.72608 18 74
-392.72608 18 75
-392.72608 18 76
-392.72608 18 77
-392.72608 18 78
-392.72608 18 79
-392.72607 18 80
-392.72607 18 81
-392.72607 18 82
-392.72607 18 83
-392.72607 18 84
-392.72607 18 85
-392.72607 18 86
-392.72607 18 87
-392.72607 18 88
-392.72607 18 89
-392.72607 18 90
-392.72607 18 91
-392.72606 18 92
-392.72606 18 93
-392.72606 18 94
-392.72606 18 95
-392.72606 18 96
-392.72606 18 97
-392.72606 18 98
-392.72606 18 99
-392.72606 18 100
-392.82052 19 1
-392.72984 19 2
-392.72618 19 3
-392.72618 19 4
-392.72617 19 5
-392.72617 19 6
-392.72616 19 7
-392.72616 19 8
-392.72615 19 9
-392.72615 19 10
-392.72614 19 11
-392.72614 19 12
-392.72614 19 13
-392.72614 19 14
-392.72614 19 15
-392.72613 19 16
-392.72613 19 17
-392.72613 19 18
-392.72613 19 19
-392.72613 19 20
-392.72613 19 21
-392.72613 19 22
-392.72613 19 23
-392.72612 19 24
-392.72612 19 25
-392.72612 19 26
-392.72612 19 27
-392.72612 19 28
-392.72611 19 29
-392.72611 19 30
-392.72611 19 31
-392.72611 19 32
-392.72611 19 33
-392.72611 19 34
-392.72611 19 35
-392.72611 19 36
-392.72611 19 37
-392.72611 19 38
-392.72611 19 39
-392.72611 19 40
-392.72611 19 41
-392.72611 19 42
-392.72611 19 43
-392.72611 19 44
-392.7261 19 45
-392.7261 19 46
-392.7261 19 47
-392.7261 19 48
-392.7261 19 49
-392.7261 19 50
-392.7261 19 51
-392.7261 19 52
-392.7261 19 53
-392.7261 19 54
-392.7261 19 55
-392.7261 19 56
-392.7261 19 57
-392.72609 19 58
-392.72609 19 59
-392.72609 19 60
-392.72609 19 61
-392.72609 19 62
-392.72609 19 63
-392.72609 19 64
-392.72609 19 65
-392.72609 19 66
-392.72609 19 67
-392.72609 19 68
-392.72609 19 69
-392.72609 19 70
-392.72609 19 71
-392.72608 19 72
-392.72608 19 73
-392.72608 19 74
-392.72608 19 75
-392.72608 19 76
-392.72608 19 77
-392.72608 19 78
-392.72608 19 79
-392.72608 19 80
-392.72608 19 81
-392.72608 19 82
-392.72608 19 83
-392.72608 19 84
-392.72608 19 85
-392.72608 19 86
-392.72608 19 87
-392.72608 19 88
-392.72607 19 89
-392.72607 19 90
-392.72607 19 91
-392.72607 19 92
-392.72607 19 93
-392.72607 19 94
-392.72607 19 95
-392.72607 19 96
-392.72607 19 97
-392.72607 19 98
-392.72607 19 99
-392.72607 19 100
-392.82052 20 1
-392.72984 20 2
-392.72618 20 3
-392.72618 20 4
-392.72617 20 5
-392.72617 20 6
-392.72616 20 7
-392.72616 20 8
-392.72615 20 9
-392.72615 20 10
-392.72614 20 11
-392.72614 20 12
-392.72614 20 13
-392.72614 20 14
-392.72614 20 15
-392.72613 20 16
-392.72613 20 17
-392.72613 20 18
-392.72613 20 19
-392.72613 20 20
-392.72613 20 21
-392.72613 20 22
-392.72613 20 23
-392.72613 20 24
-392.72612 20 25
-392.72612 20 26
-392.72612 20 27
-392.72612 20 28
-392.72612 20 29
-392.72611 20 30
-392.72611 20 31
-392.72611 20 32
-392.72611 20 33
-392.72611 20 34
-392.72611 20 35
-392.72611 20 36
-392.72611 20 37
-392.72611 20 38
-392.72611 20 39
-392.72611 20 40
-392.72611 20 41
-392.72611 20 42
-392.72611 20 43
-392.72611 20 44
-392.72611 20 45
-392.7261 20 46
-392.7261 20 47
-392.7261 20 48
-392.7261 20 49
-392.7261 20 50
-392.7261 20 51
-392.7261 20 52
-392.7261 20 53
-392.7261 20 54
-392.7261 20 55
-392.7261 20 56
-392.7261 20 57
-392.7261 20 58
-392.72609 20 59
-392.72609 20 60
-392.72609 20 61
-392.72609 20 62
-392.72609 20 63
-392.72609 20 64
-392.72609 20 65
-392.72609 20 66
-392.72609 20 67
-392.72609 20 68
-392.72609 20 69
-392.72609 20 70
-392.72609 20 71
-392.72609 20 72
-392.72608 20 73
-392.72608 20 74
-392.72608 20 75
-392.72608 20 76
-392.72608 20 77
-392.72608 20 78
-392.72608 20 79
-392.72608 20 80
-392.72608 20 81
-392.72608 20 82
-392.72608 20 83
-392.72608 20 84
-392.72608 20 85
-392.72608 20 86
-392.72608 20 87
-392.72608 20 88
-392.72608 20 89
-392.72608 20 90
-392.72607 20 91
-392.72607 20 92
-392.72607 20 93
-392.72607 20 94
-392.72607 20 95
-392.72607 20 96
-392.72607 20 97
-392.72607 20 98
-392.72607 20 99
-392.72607 20 100
-392.82052 21 1
-392.72984 21 2
-392.72618 21 3
-392.72618 21 4
-392.72617 21 5
-392.72617 21 6
-392.72616 21 7
-392.72616 21 8
-392.72615 21 9
-392.72615 21 10
-392.72614 21 11
-392.72614 21 12
-392.72614 21 13
-392.72614 21 14
-392.72614 21 15
-392.72613 21 16
-392.72613 21 17
-392.72613 21 18
-392.72613 21 19
-392.72613 21 20
-392.72613 21 21
-392.72613 21 22
-392.72613 21 23
-392.72613 21 24
-392.72612 21 25
-392.72612 21 26
-392.72612 21 27
-392.72612 21 28
-392.72612 21 29
-392.72612 21 30
-392.72611 21 31
-392.72611 21 32
-392.72611 21 33
-392.72611 21 34
-392.72611 21 35
-392.72611 21 36
-392.72611 21 37
-392.72611 21 38
-392.72611 21 39
-392.72611 21 40
-392.72611 21 41
-392.72611 21 42
-392.72611 21 43
-392.72611 21 44
-392.72611 21 45
-392.72611 21 46
-392.72611 21 47
-392.7261 21 48
-392.7261 21 49
-392.7261 21 50
-392.7261 21 51
-392.7261 21 52
-392.7261 21 53
-392.7261 21 54
-392.7261 21 55
-392.7261 21 56
-392.7261 21 57
-392.7261 21 58
-392.7261 21 59
-392.7261 21 60
-392.72609 21 61
-392.72609 21 62
-392.72609 21 63
-392.72609 21 64
-392.72609 21 65
-392.72609 21 66
-392.72609 21 67
-392.72609 21 68
-392.72609 21 69
-392.72609 21 70
-392.72609 21 71
-392.72609 21 72
-392.72609 21 73
-392.72609 21 74
-392.72609 21 75
-392.72608 21 76
-392.72608 21 77
-392.72608 21 78
-392.72608 21 79
-392.72608 21 80
-392.72608 21 81
-392.72608 21 82
-392.72608 21 83
-392.72608 21 84
-392.72608 21 85
-392.72608 21 86
-392.72608 21 87
-392.72608 21 88
-392.72608 21 89
-392.72608 21 90
-392.72608 21 91
-392.72608 21 92
-392.72608 21 93
-392.72608 21 94
-392.72607 21 95
-392.72607 21 96
-392.72607 21 97
-392.72607 21 98
-392.72607 21 99
-392.72607 21 100
-392.82052 22 1
-392.72984 22 2
-392.72618 22 3
-392.72618 22 4
-392.72617 22 5
-392.72617 22 6
-392.72616 22 7
-392.72616 22 8
-392.72615 22 9
-392.72615 22 10
-392.72615 22 11
-392.72614 22 12
-392.72614 22 13
-392.72614 22 14
-392.72614 22 15
-392.72614 22 16
-392.72613 22 17
-392.72613 22 18
-392.72613 22 19
-392.72613 22 20
-392.72613 22 21
-392.72613 22 22
-392.72613 22 23
-392.72613 22 24
-392.72613 22 25
-392.72613 22 26
-392.72612 22 27
-392.72612 22 28
-392.72612 22 29
-392.72612 22 30
-392.72612 22 31
-392.72612 22 32
-392.72611 22 33
-392.72611 22 34
-392.72611 22 35
-392.72611 22 36
-392.72611 22 37
-392.72611 22 38
-392.72611 22 39
-392.72611 22 40
-392.72611 22 41
-392.72611 22 42
-392.72611 22 43
-392.72611 22 44
-392.72611 22 45
-392.72611 22 46
-392.72611 22 47
-392.72611 22 48
-392.72611 22 49
-392.72611 22 50
-392.72611 22 51
-392.7261 22 52
-392.7261 22 53
-392.7261 22 54
-392.7261 22 55
-392.7261 22 56
-392.7261 22 57
-392.7261 22 58
-392.7261 22 59
-392.7261 22 60
-392.7261 22 61
-392.7261 22 62
-392.7261 22 63
-392.7261 22 64
-392.72609 22 65
-392.72609 22 66
-392.72609 22 67
-392.72609 22 68
-392.72609 22 69
-392.72609 22 70
-392.72609 22 71
-392.72609 22 72
-392.72609 22 73
-392.72609 22 74
-392.72609 22 75
-392.72609 22 76
-392.72609 22 77
-392.72609 22 78
-392.72609 22 79
-392.72608 22 80
-392.72608 22 81
-392.72608 22 82
-392.72608 22 83
-392.72608 22 84
-392.72608 22 85
-392.72608 22 86
-392.72608 22 87
-392.72608 22 88
-392.72608 22 89
-392.72608 22 90
-392.72608 22 91
-392.72608 22 92
-392.72608 22 93
-392.72608 22 94
-392.72608 22 95
-392.72608 22 96
-392.72608 22 97
-392.72608 22 98
-392.72607 22 99
-392.72607 22 100
-392.82052 23 1
-392.72984 23 2
-392.72618 23 3
-392.72618 23 4
-392.72617 23 5
-392.72617 23 6
-392.72616 23 7
-392.72616 23 8
-392.72615 23 9
-392.72615 23 10
-392.72615 23 11
-392.72614 23 12
-392.72614 23 13
-392.72614 23 14
-392.72614 23 15
-392.72614 23 16
-392.72613 23 17
-392.72613 23 18
-392.72613 23 19
-392.72613 23 20
-392.72613 23 21
-392.72613 23 22
-392.72613 23 23
-392.72613 23 24
-392.72613 23 25
-392.72613 23 26
-392.72613 23 27
-392.72612 23 28
-392.72612 23 29
-392.72612 23 30
-392.72612 23 31
-392.72612 23 32
-392.72612 23 33
-392.72612 23 34
-392.72611 23 35
-392.72611 23 36
-392.72611 23 37
-392.72611 23 38
-392.72611 23 39
-392.72611 23 40
-392.72611 23 41
-392.72611 23 42
-392.72611 23 43
-392.72611 23 44
-392.72611 23 45
-392.72611 23 46
-392.72611 23 47
-392.72611 23 48
-392.72611 23 49
-392.72611 23 50
-392.72611 23 51
-392.72611 23 52
-392.72611 23 53
-392.7261 23 54
-392.7261 23 55
-392.7261 23 56
-392.7261 23 57
-392.7261 23 58
-392.7261 23 59
-392.7261 23 60
-392.7261 23 61
-392.7261 23 62
-392.7261 23 63
-392.7261 23 64
-392.7261 23 65
-392.7261 23 66
-392.7261 23 67
-392.72609 23 68
-392.72609 23 69
-392.72609 23 70
-392.72609 23 71
-392.72609 23 72
-392.72609 23 73
-392.72609 23 74
-392.72609 23 75
-392.72609 23 76
-392.72609 23 77
-392.72609 23 78
-392.72609 23 79
-392.72609 23 80
-392.72609 23 81
-392.72609 23 82
-392.72608 23 83
-392.72608 23 84
-392.72608 23 85
-392.72608 23 86
-392.72608 23 87
-392.72608 23 88
-392.72608 23 89
-392.72608 23 90
-392.72608 23 91
-392.72608 23 92
-392.72608 23 93
-392.72608 23 94
-392.72608 23 95
-392.72608 23 96
-392.72608 23 97
-392.72608 23 98
-392.72608 23 99
-392.72608 23 100
-392.82052 24 1
-392.72984 24 2
-392.72618 24 3
-392.72618 24 4
-392.72617 24 5
-392.72617 24 6
-392.72616 24 7
-392.72616 24 8
-392.72615 24 9
-392.72615 24 10
-392.72615 24 11
-392.72615 24 12
-392.72615 24 13
-392.72614 24 14
-392.72614 24 15
-392.72614 24 16
-392.72614 24 17
-392.72614 24 18
-392.72613 24 19
-392.72613 24 20
-392.72613 24 21
-392.72613 24 22
-392.72613 24 23
-392.72613 24 24
-392.72613 24 25
-392.72613 24 26
-392.72613 24 27
-392.72613 24 28
-392.72613 24 29
-392.72612 24 30
-392.72612 24 31
-392.72612 24 32
-392.72612 24 33
-392.72612 24 34
-392.72612 24 35
-392.72612 24 36
-392.72612 24 37
-392.72611 24 38
-392.72611 24 39
-392.72611 24 40
-392.72611 24 41
-392.72611 24 42
-392.72611 24 43
-392.72611 24 44
-392.72611 24 45
-392.72611 24 46
-392.72611 24 47
-392.72611 24 48
-392.72611 24 49
-392.72611 24 50
-392.72611 24 51
-392.72611 24 52
-392.72611 24 53
-392.72611 24 54
-392.72611 24 55
-392.72611 24 56
-392.72611 24 57
-392.7261 24 58
-392.7261 24 59
-392.7261 24 60
-392.7261 24 61
-392.7261 24 62
-392.7261 24 63
-392.7261 24 64
-392.7261 24 65
-392.7261 24 66
-392.7261 24 67
-392.7261 24 68
-392.7261 24 69
-392.7261 24 70
-392.7261 24 71
-392.7261 24 72
-392.72609 24 73
-392.72609 24 74
-392.72609 24 75
-392.72609 24 76
-392.72609 24 77
-392.72609 24 78
-392.72609 24 79
-392.72609 24 80
-392.72609 24 81
-392.72609 24 82
-392.72609 24 83
-392.72609 24 84
-392.72609 24 85
-392.72609 24 86
-392.72609 24 87
-392.72609 24 88
-392.72609 24 89
-392.72608 24 90
-392.72608 24 91
-392.72608 24 92
-392.72608 24 93
-392.72608 24 94
-392.72608 24 95
-392.72608 24 96
-392.72608 24 97
-392.72608 24 98
-392.72608 24 99
-392.72608 24 100
-392.82052 25 1
-392.72984 25 2
-392.72618 25 3
-392.72618 25 4
-392.72617 25 5
-392.72617 25 6
-392.72616 25 7
-392.72616 25 8
-392.72615 25 9
-392.72615 25 10
-392.72615 25 11
-392.72615 25 12
-392.72615 25 13
-392.72615 25 14
-392.72614 25 15
-392.72614 25 16
-392.72614 25 17
-392.72614 25 18
-392.72614 25 19
-392.72613 25 20
-392.72613 25 21
-392.72613 25 22
-392.72613 25 23
-392.72613 25 24
-392.72613 25 25
-392.72613 25 26
-392.72613 25 27
-392.72613 25 28
-392.72613 25 29
-392.72613 25 30
-392.72612 25 31
-392.72612 25 32
-392.72612 25 33
-392.72612 25 34
-392.72612 25 35
-392.72612 25 36
-392.72612 25 37
-392.72612 25 38
-392.72611 25 39
-392.72611 25 40
-392.72611 25 41
-392.72611 25 42
-392.72611 25 43
-392.72611 25 44
-392.72611 25 45
-392.72611 25 46
-392.72611 25 47
-392.72611 25 48
-392.72611 25 49
-392.72611 25 50
-392.72611 25 51
-392.72611 25 52
-392.72611 25 53
-392.72611 25 54
-392.72611 25 55
-392.72611 25 56
-392.72611 25 57
-392.72611 25 58
-392.72611 25 59
-392.72611 25 60
-392.7261 25 61
-392.7261 25 62
-392.7261 25 63
-392.7261 25 64
-392.7261 25 65
-392.7261 25 66
-392.7261 25 67
-392.7261 25 68
-392.7261 25 69
-392.7261 25 70
-392.7261 25 71
-392.7261 25 72
-392.7261 25 73
-392.7261 25 74
-392.7261 25 75
-392.7261 25 76
-392.72609 25 77
-392.72609 25 78
-392.72609 25 79
-392.72609 25 80
-392.72609 25 81
-392.72609 25 82
-392.72609 25 83
-392.72609 25 84
-392.72609 25 85
-392.72609 25 86
-392.72609 25 87
-392.72609 25 88
-392.72609 25 89
-392.72609 25 90
-392.72609 25 91
-392.72609 25 92
-392.72609 25 93
-392.72608 25 94
-392.72608 25 95
-392.72608 25 96
-392.72608 25 97
-392.72608 25 98
-392.72608 25 99
-392.72608 25 100
-392.82052 26 1
-392.72984 26 2
-392.72618 26 3
-392.72618 26 4
-392.72617 26 5
-392.72617 26 6
-392.72616 26 7
-392.72616 26 8
-392.72615 26 9
-392.72615 26 10
-392.72615 26 11
-392.72615 26 12
-392.72615 26 13
-392.72615 26 14
-392.72614 26 15
-392.72614 26 16
-392.72614 26 17
-392.72614 26 18
-392.72614 26 19
-392.72613 26 20
-392.72613 26 21
-392.72613 26 22
-392.72613 26 23
-392.72613 26 24
-392.72613 26 25
-392.72613 26 26
-392.72613 26 27
-392.72613 26 28
-392.72613 26 29
-392.72613 26 30
-392.72612 26 31
-392.72612 26 32
-392.72612 26 33
-392.72612 26 34
-392.72612 26 35
-392.72612 26 36
-392.72612 26 37
-392.72612 26 38
-392.72611 26 39
-392.72611 26 40
-392.72611 26 41
-392.72611 26 42
-392.72611 26 43
-392.72611 26 44
-392.72611 26 45
-392.72611 26 46
-392.72611 26 47
-392.72611 26 48
-392.72611 26 49
-392.72611 26 50
-392.72611 26 51
-392.72611 26 52
-392.72611 26 53
-392.72611 26 54
-392.72611 26 55
-392.72611 26 56
-392.72611 26 57
-392.72611 26 58
-392.72611 26 59
-392.72611 26 60
-392.72611 26 61
-392.72611 26 62
-392.72611 26 63
-392.7261 26 64
-392.7261 26 65
-392.7261 26 66
-392.7261 26 67
-392.7261 26 68
-392.7261 26 69
-392.7261 26 70
-392.7261 26 71
-392.7261 26 72
-392.7261 26 73
-392.7261 26 74
-392.7261 26 75
-392.7261 26 76
-392.7261 26 77
-392.7261 26 78
-392.7261 26 79
-392.7261 26 80
-392.7261 26 81
-392.72609 26 82
-392.72609 26 83
-392.72609 26 84
-392.72609 26 85
-392.72609 26 86
-392.72609 26 87
-392.72609 26 88
-392.72609 26 89
-392.72609 26 90
-392.72609 26 91
-392.72609 26 92
-392.72609 26 93
-392.72609 26 94
-392.72609 26 95
-392.72609 26 96
-392.72609 26 97
-392.72609 26 98
-392.72609 26 99
-392.72608 26 100
-392.82052 27 1
-392.72984 27 2
-392.72618 27 3
-392.72618 27 4
-392.72617 27 5
-392.72617 27 6
-392.72616 27 7
-392.72616 27 8
-392.72615 27 9
-392.72615 27 10
-392.72615 27 11
-392.72615 27 12
-392.72615 27 13
-392.72615 27 14
-392.72614 27 15
-392.72614 27 16
-392.72614 27 17
-392.72614 27 18
-392.72614 27 19
-392.72613 27 20
-392.72613 27 21
-392.72613 27 22
-392.72613 27 23
-392.72613 27 24
-392.72613 27 25
-392.72613 27 26
-392.72613 27 27
-392.72613 27 28
-392.72613 27 29
-392.72613 27 30
-392.72612 27 31
-392.72612 27 32
-392.72612 27 33
-392.72612 27 34
-392.72612 27 35
-392.72612 27 36
-392.72612 27 37
-392.72612 27 38
-392.72611 27 39
-392.72611 27 40
-392.72611 27 41
-392.72611 27 42
-392.72611 27 43
-392.72611 27 44
-392.72611 27 45
-392.72611 27 46
-392.72611 27 47
-392.72611 27 48
-392.72611 27 49
-392.72611 27 50
-392.72611 27 51
-392.72611 27 52
-392.72611 27 53
-392.72611 27 54
-392.72611 27 55
-392.72611 27 56
-392.72611 27 57
-392.72611 27 58
-392.72611 27 59
-392.72611 27 60
-392.72611 27 61
-392.72611 27 62
-392.72611 27 63
-392.7261 27 64
-392.7261 27 65
-392.7261 27 66
-392.7261 27 67
-392.7261 27 68
-392.7261 27 69
-392.7261 27 70
-392.7261 27 71
-392.7261 27 72
-392.7261 27 73
-392.7261 27 74
-392.7261 27 75
-392.7261 27 76
-392.7261 27 77
-392.7261 27 78
-392.7261 27 79
-392.7261 27 80
-392.7261 27 81
-392.7261 27 82
-392.72609 27 83
-392.72609 27 84
-392.72609 27 85
-392.72609 27 86
-392.72609 27 87
-392.72609 27 88
-392.72609 27 89
-392.72609 27 90
-392.72609 27 91
-392.72609 27 92
-392.72609 27 93
-392.72609 27 94
-392.72609 27 95
-392.72609 27 96
-392.72609 27 97
-392.72609 27 98
-392.72609 27 99
-392.72609 27 100
-392.82052 28 1
-392.72984 28 2
-392.72618 28 3
-392.72618 28 4
-392.72618 28 5
-392.72617 28 6
-392.72617 28 7
-392.72616 28 8
-392.72616 28 9
-392.72615 28 10
-392.72615 28 11
-392.72615 28 12
-392.72615 28 13
-392.72615 28 14
-392.72615 28 15
-392.72614 28 16
-392.72614 28 17
-392.72614 28 18
-392.72614 28 19
-392.72614 28 20
-392.72613 28 21
-392.72613 28 22
-392.72613 28 23
-392.72613 28 24
-392.72613 28 25
-392.72613 28 26
-392.72613 28 27
-392.72613 28 28
-392.72613 28 29
-392.72613 28 30
-392.72613 28 31
-392.72612 28 32
-392.72612 28 33
-392.72612 28 34
-392.72612 28 35
-392.72612 28 36
-392.72612 28 37
-392.72612 28 38
-392.72612 28 39
-392.72612 28 40
-392.72611 28 41
-392.72611 28 42
-392.72611 28 43
-392.72611 28 44
-392.72611 28 45
-392.72611 28 46
-392.72611 28 47
-392.72611 28 48
-392.72611 28 49
-392.72611 28 50
-392.72611 28 51
-392.72611 28 52
-392.72611 28 53
-392.72611 28 54
-392.72611 28 55
-392.72611 28 56
-392.72611 28 57
-392.72611 28 58
-392.72611 28 59
-392.72611 28 60
-392.72611 28 61
-392.72611 28 62
-392.72611 28 63
-392.72611 28 64
-392.72611 28 65
-392.72611 28 66
-392.7261 28 67
-392.7261 28 68
-392.7261 28 69
-392.7261 28 70
-392.7261 28 71
-392.7261 28 72
-392.7261 28 73
-392.7261 28 74
-392.7261 28 75
-392.7261 28 76
-392.7261 28 77
-392.7261 28 78
-392.7261 28 79
-392.7261 28 80
-392.7261 28 81
-392.7261 28 82
-392.7261 28 83
-392.7261 28 84
-392.7261 28 85
-392.72609 28 86
-392.72609 28 87
-392.72609 28 88
-392.72609 28 89
-392.72609 28 90
-392.72609 28 91
-392.72609 28 92
-392.72609 28 93
-392.72609 28 94
-392.72609 28 95
-392.72609 28 96
-392.72609 28 97
-392.72609 28 98
-392.72609 28 99
-392.72609 28 100
-392.82052 29 1
-392.72984 29 2
-392.72618 29 3
-392.72618 29 4
-392.72618 29 5
-392.72617 29 6
-392.72617 29 7
-392.72616 29 8
-392.72616 29 9
-392.72615 29 10
-392.72615 29 11
-392.72615 29 12
-392.72615 29 13
-392.72615 29 14
-392.72615 29 15
-392.72614 29 16
-392.72614 29 17
-392.72614 29 18
-392.72614 29 19
-392.72614 29 20
-392.72613 29 21
-392.72613 29 22
-392.72613 29 23
-392.72613 29 24
-392.72613 29 25
-392.72613 29 26
-392.72613 29 27
-392.72613 29 28
-392.72613 29 29
-392.72613 29 30
-392.72613 29 31
-392.72613 29 32
-392.72612 29 33
-392.72612 29 34
-392.72612 29 35
-392.72612 29 36
-392.72612 29 37
-392.72612 29 38
-392.72612 29 39
-392.72612 29 40
-392.72612 29 41
-392.72612 29 42
-392.72611 29 43
-392.72611 29 44
-392.72611 29 45
-392.72611 29 46
-392.72611 29 47
-392.72611 29 48
-392.72611 29 49
-392.72611 29 50
-392.72611 29 51
-392.72611 29 52
-392.72611 29 53
-392.72611 29 54
-392.72611 29 55
-392.72611 29 56
-392.72611 29 57
-392.72611 29 58
-392.72611 29 59
-392.72611 29 60
-392.72611 29 61
-392.72611 29 62
-392.72611 29 63
-392.72611 29 64
-392.72611 29 65
-392.72611 29 66
-392.72611 29 67
-392.72611 29 68
-392.7261 29 69
-392.7261 29 70
-392.7261 29 71
-392.7261 29 72
-392.7261 29 73
-392.7261 29 74
-392.7261 29 75
-392.7261 29 76
-392.7261 29 77
-392.7261 29 78
-392.7261 29 79
-392.7261 29 80
-392.7261 29 81
-392.7261 29 82
-392.7261 29 83
-392.7261 29 84
-392.7261 29 85
-392.7261 29 86
-392.7261 29 87
-392.7261 29 88
-392.7261 29 89
-392.7261 29 90
-392.72609 29 91
-392.72609 29 92
-392.72609 29 93
-392.72609 29 94
-392.72609 29 95
-392.72609 29 96
-392.72609 29 97
-392.72609 29 98
-392.72609 29 99
-392.72609 29 100
-392.82052 30 1
-392.72984 30 2
-392.72618 30 3
-392.72618 30 4
-392.72618 30 5
-392.72617 30 6
-392.72617 30 7
-392.72616 30 8
-392.72616 30 9
-392.72615 30 10
-392.72615 30 11
-392.72615 30 12
-392.72615 30 13
-392.72615 30 14
-392.72615 30 15
-392.72615 30 16
-392.72614 30 17
-392.72614 30 18
-392.72614 30 19
-392.72614 30 20
-392.72614 30 21
-392.72614 30 22
-392.72613 30 23
-392.72613 30 24
-392.72613 30 25
-392.72613 30 26
-392.72613 30 27
-392.72613 30 28
-392.72613 30 29
-392.72613 30 30
-392.72613 30 31
-392.72613 30 32
-392.72613 30 33
-392.72613 30 34
-392.72613 30 35
-392.72613 30 36
-392.72612 30 37
-392.72612 30 38
-392.72612 30 39
-392.72612 30 40
-392.72612 30 41
-392.72612 30 42
-392.72612 30 43
-392.72612 30 44
-392.72612 30 45
-392.72612 30 46
-392.72611 30 47
-392.72611 30 48
-392.72611 30 49
-392.72611 30 50
-392.72611 30 51
-392.72611 30 52
-392.72611 30 53
-392.72611 30 54
-392.72611 30 55
-392.72611 30 56
-392.72611 30 57
-392.72611 30 58
-392.72611 30 59
-392.72611 30 60
-392.72611 30 61
-392.72611 30 62
-392.72611 30 63
-392.72611 30 64
-392.72611 30 65
-392.72611 30 66
-392.72611 30 67
-392.72611 30 68
-392.72611 30 69
-392.72611 30 70
-392.72611 30 71
-392.72611 30 72
-392.72611 30 73
-392.72611 30 74
-392.72611 30 75
-392.72611 30 76
-392.7261 30 77
-392.7261 30 78
-392.7261 30 79
-392.7261 30 80
-392.7261 30 81
-392.7261 30 82
-392.7261 30 83
-392.7261 30 84
-392.7261 30 85
-392.7261 30 86
-392.7261 30 87
-392.7261 30 88
-392.7261 30 89
-392.7261 30 90
-392.7261 30 91
-392.7261 30 92
-392.7261 30 93
-392.7261 30 94
-392.7261 30 95
-392.7261 30 96
-392.7261 30 97
-392.7261 30 98
-392.72609 30 99
-392.72609 30 100
-392.48322 1 1
-371.80705 1 2
-392.57708 1 3
-369.02502 1 4
-378.03635 1 5
-364.46948 1 6
-389.25735 1 7
-387.8923 1 8
-372.52867 1 9
-375.10401 1 10
-354.19258 1 11
-390.14548 1 12
-380.30968 1 13
-388.47552 1 14
-367.77626 1 15
-388.12713 1 16
-389.14543 1 17
-389.10319 1 18
-383.66647 1 19
-387.10889 1 20
-373.65454 1 21
-390.49603 1 22
-392.57155 1 23
-379.10765 1 24
-392.4832 1 25
-360.76019 1 26
-379.04905 1 27
-375.28124 1 28
-388.60662 1 29
-380.44612 1 30
-380.01063 1 31
-367.62277 1 32
-373.15363 1 33
-384.56976 1 34
-382.52381 1 35
-388.53917 1 36
-373.4669 1 37
-377.5417 1 38
-384.74532 1 39
-372.99834 1 40
-386.54144 1 41
-387.13324 1 42
-389.28861 1 43
-364.04077 1 44
-383.88731 1 45
-382.99155 1 46
-384.64496 1 47
-383.38087 1 48
-392.57161 1 49
-383.53788 1 50
-372.88373 1 51
-390.64467 1 52
-390.56499 1 53
-384.87554 1 54
-374.91747 1 55
-377.60872 1 56
-375.46771 1 57
-385.58987 1 58
-381.536 1 59
-386.23557 1 60
-390.49604 1 61
-391.31395 1 62
-355.38346 1 63
-379.06535 1 64
-388.61909 1 65
-391.68831 1 66
-389.02628 1 67
-368.33799 1 68
-388.47621 1 69
-388.04462 1 70
-386.0572 1 71
-378.65673 1 72
-390.32776 1 73
-390.23202 1 74
-391.90075 1 75
-390.87786 1 76
-386.83149 1 77
-389.80884 1 78
-372.57502 1 79
-384.3661 1 80
-386.97416 1 81
-386.88242 1 82
-384.09906 1 83
-387.85254 1 84
-376.94923 1 85
-355.9014 1 86
-387.61989 1 87
-379.7544 1 88
-366.0941 1 89
-386.3557 1 90
-387.79682 1 91
-374.78566 1 92
-385.55886 1 93
-372.74321 1 94
-378.37478 1 95
-386.47117 1 96
-369.08153 1 97
-377.5069 1 98
-372.21989 1 99
-376.67485 1 100
-392.72613 2 1
-392.72611 2 2
-392.72611 2 3
-392.72604 2 4
-392.70584 2 5
-392.70582 2 6
-392.7058 2 7
-392.57784 2 8
-392.57708 2 9
-392.57705 2 10
-392.57688 2 11
-392.57161 2 12
-392.57155 2 13
-392.57119 2 14
-392.48322 2 15
-392.4832 2 16
-392.48316 2 17
-392.16246 2 18
-392.06177 2 19
-392.05215 2 20
-392.06543 2 21
-392.03132 2 22
-391.95862 2 23
-391.90075 2 24
-391.90045 2 25
-391.89999 2 26
-391.68906 2 27
-391.31396 2 28
-391.31395 2 29
-391.07099 2 30
-391.00496 2 31
-390.87786 2 32
-390.82195 2 33
-390.82195 2 34
-390.82195 2 35
-390.8129 2 36
-390.77978 2 37
-390.64467 2 38
-390.56499 2 39
-390.50054 2 40
-390.49604 2 41
-390.49603 2 42
-390.42232 2 43
-390.41901 2 44
-390.32776 2 45
-390.32421 2 46
-390.27517 2 47
-390.27517 2 48
-390.23236 2 49
-390.21795 2 50
-390.20556 2 51
-390.1463 2 52
-390.14548 2 53
-390.13245 2 54
-390.13245 2 55
-390.13245 2 56
-390.08224 2 57
-390.08128 2 58
-390.02803 2 59
-389.8969 2 60
-389.84123 2 61
-389.8287 2 62
-389.80927 2 63
-389.69709 2 64
-391.33493 2 65
-389.54462 2 66
-389.46456 2 67
-389.28861 2 68
-389.25749 2 69
-389.25782 2 70
-389.21151 2 71
-389.14543 2 72
-389.13375 2 73
-389.1318 2 74
-389.10322 2 75
-389.10319 2 76
-389.05233 2 77
-389.06074 2 78
-388.94718 2 79
-388.92032 2 80
-388.89424 2 81
-388.77936 2 82
-388.73598 2 83
-388.62975 2 84
-388.6655 2 85
-388.61909 2 86
-388.64071 2 87
-388.60445 2 88
-388.53917 2 89
-388.47621 2 90
-388.47606 2 91
-388.274 2 92
-388.27124 2 93
-388.19874 2 94
-388.16216 2 95
-388.13442 2 96
-388.12713 2 97
-388.04462 2 98
-388.00981 2 99
-387.90828 2 100
-392.72613 3 1
-392.72612 3 2
-392.72611 3 3
-392.72611 3 4
-392.72604 3 5
-392.72604 3 6
-392.72599 3 7
-392.72595 3 8
-392.72587 3 9
-392.72556 3 10
-392.70585 3 11
-392.70584 3 12
-392.70582 3 13
-392.7058 3 14
-392.70572 3 15
-392.7057 3 16
-392.70547 3 17
-392.70523 3 18
-392.69473 3 19
-392.57801 3 20
-392.57796 3 21
-392.57794 3 22
-392.57784 3 23
-392.57708 3 24
-392.57705 3 25
-392.577 3 26
-392.57688 3 27
-392.57161 3 28
-392.57158 3 29
-392.57156 3 30
-392.57155 3 31
-392.57152 3 32
-392.57147 3 33
-392.57119 3 34
-392.48324 3 35
-392.48322 3 36
-392.48322 3 37
-392.4832 3 38
-392.48316 3 39
-392.48312 3 40
-392.24826 3 41
-392.16246 3 42
-392.08394 3 43
-392.06591 3 44
-392.06177 3 45
-392.05215 3 46
-392.03132 3 47
-391.98813 3 48
-391.95862 3 49
-391.90079 3 50
-391.90075 3 51
-391.90045 3 52
-391.9004 3 53
-391.90045 3 54
-391.90034 3 55
-391.90033 3 56
-391.89999 3 57
-391.88844 3 58
-391.88832 3 59
-391.86777 3 60
-391.68906 3 61
-392.57792 3 62
-392.48321 3 63
-391.43836 3 64
-391.34862 3 65
-391.59748 3 66
-391.31397 3 67
-391.31396 3 68
-391.31395 3 69
-391.20899 3 70
-391.10086 3 71
-391.10516 3 72
-391.07099 3 73
-391.00496 3 74
-390.98622 3 75
-390.87786 3 76
-390.84816 3 77
-390.82195 3 78
-390.82195 3 79
-390.82195 3 80
-390.8129 3 81
-390.77978 3 82
-390.65777 3 83
-390.64467 3 84
-390.6032 3 85
-390.56499 3 86
-390.50054 3 87
-390.49605 3 88
-390.49604 3 89
-390.49603 3 90
-390.42232 3 91
-390.41901 3 92
-390.40541 3 93
-390.43857 3 94
-390.32776 3 95
-390.32421 3 96
-390.28661 3 97
-390.27517 3 98
-390.27517 3 99
-390.23236 3 100
-392.72616 4 1
-392.72613 4 2
-392.72612 4 3
-392.72611 4 4
-392.72611 4 5
-392.72604 4 6
-392.72604 4 7
-392.72603 4 8
-392.72599 4 9
-392.72597 4 10
-392.72595 4 11
-392.72592 4 12
-392.72588 4 13
-392.72587 4 14
-392.72582 4 15
-392.72556 4 16
-392.70586 4 17
-392.70585 4 18
-392.70585 4 19
-392.70584 4 20
-392.70583 4 21
-392.70582 4 22
-392.7058 4 23
-392.70572 4 24
-392.7057 4 25
-392.70547 4 26
-392.70538 4 27
-392.70529 4 28
-392.70529 4 29
-392.70525 4 30
-392.70523 4 31
-392.69473 4 32
-392.62843 4 33
-392.57801 4 34
-392.57797 4 35
-392.57796 4 36
-392.57794 4 37
-392.57792 4 38
-392.57792 4 39
-392.57789 4 40
-392.57788 4 41
-392.57784 4 42
-392.57708 4 43
-392.57705 4 44
-392.57705 4 45
-392.57704 4 46
-392.577 4 47
-392.57688 4 48
-392.57678 4 49
-392.57161 4 50
-392.57158 4 51
-392.57158 4 52
-392.57156 4 53
-392.57155 4 54
-392.57155 4 55
-392.57154 4 56
-392.57152 4 57
-392.57147 4 58
-392.57146 4 59
-392.57119 4 60
-392.5411 4 61
-392.48324 4 62
-392.48323 4 63
-392.48323 4 64
-392.48322 4 65
-392.48322 4 66
-392.48322 4 67
-392.48321 4 68
-392.48321 4 69
-392.4832 4 70
-392.4832 4 71
-392.48319 4 72
-392.48316 4 73
-392.48312 4 74
-392.48312 4 75
-392.3462 4 76
-392.24826 4 77
-392.19645 4 78
-392.16246 4 79
-392.11804 4 80
-392.08394 4 81
-392.06591 4 82
-392.06177 4 83
-392.05215 4 84
-392.03256 4 85
-392.03132 4 86
-391.98813 4 87
-391.95885 4 88
-391.95862 4 89
-391.90082 4 90
-391.90079 4 91
-391.90079 4 92
-391.90075 4 93
-391.90045 4 94
-391.90045 4 95
-391.9004 4 96
-391.90034 4 97
-391.90033 4 98
-391.89999 4 99
-391.88844 4 100
-392.72984 5 1
-392.72616 5 2
-392.72613 5 3
-392.72612 5 4
-392.72611 5 5
-392.72611 5 6
-392.72611 5 7
-392.7261 5 8
-392.72608 5 9
-392.72607 5 10
-392.72604 5 11
-392.72604 5 12
-392.72603 5 13
-392.72599 5 14
-392.72597 5 15
-392.72595 5 16
-392.72595 5 17
-392.72592 5 18
-392.72588 5 19
-392.72587 5 20
-392.72582 5 21
-392.72558 5 22
-392.72556 5 23
-392.72555 5 24
-392.72554 5 25
-392.72428 5 26
-392.70586 5 27
-392.70585 5 28
-392.70585 5 29
-392.70584 5 30
-392.70584 5 31
-392.70583 5 32
-392.70582 5 33
-392.70581 5 34
-392.7058 5 35
-392.70576 5 36
-392.70572 5 37
-392.7057 5 38
-392.70547 5 39
-392.70538 5 40
-392.70529 5 41
-392.70529 5 42
-392.70525 5 43
-392.70523 5 44
-392.69473 5 45
-392.62843 5 46
-392.57801 5 47
-392.57797 5 48
-392.57796 5 49
-392.57801 5 50
-392.57795 5 51
-392.57794 5 52
-392.57794 5 53
-392.57793 5 54
-392.57792 5 55
-392.57792 5 56
-392.57789 5 57
-392.57788 5 58
-392.57786 5 59
-392.57784 5 60
-392.5771 5 61
-392.57708 5 62
-392.57705 5 63
-392.57705 5 64
-392.57704 5 65
-392.577 5 66
-392.57695 5 67
-392.57688 5 68
-392.57678 5 69
-392.57674 5 70
-392.57161 5 71
-392.57161 5 72
-392.57158 5 73
-392.57158 5 74
-392.57156 5 75
-392.57156 5 76
-392.57155 5 77
-392.57155 5 78
-392.57154 5 79
-392.57152 5 80
-392.57147 5 81
-392.57146 5 82
-392.57119 5 83
-392.54123 5 84
-392.48324 5 85
-392.48323 5 86
-392.48323 5 87
-392.48322 5 88
-392.48322 5 89
-392.48322 5 90
-392.48322 5 91
-392.48321 5 92
-392.48321 5 93
-392.48321 5 94
-392.4832 5 95
-392.4832 5 96
-392.48319 5 97
-392.48318 5 98
-392.48318 5 99
-392.48316 5 100
-392.82052 6 1
-392.72984 6 2
-392.72616 6 3
-392.72613 6 4
-392.72613 6 5
-392.72613 6 6
-392.72612 6 7
-392.72611 6 8
-392.72611 6 9
-392.72611 6 10
-392.72611 6 11
-392.7261 6 12
-392.72609 6 13
-392.72608 6 14
-392.72608 6 15
-392.72607 6 16
-392.72604 6 17
-392.72604 6 18
-392.72604 6 19
-392.72603 6 20
-392.72599 6 21
-392.72597 6 22
-392.72595 6 23
-392.72595 6 24
-392.72592 6 25
-392.72588 6 26
-392.72587 6 27
-392.72582 6 28
-392.72558 6 29
-392.72556 6 30
-392.72555 6 31
-392.72554 6 32
-392.72428 6 33
-392.72413 6 34
-392.70586 6 35
-392.70586 6 36
-392.70585 6 37
-392.70585 6 38
-392.70584 6 39
-392.70584 6 40
-392.70583 6 41
-392.70582 6 42
-392.70581 6 43
-392.7058 6 44
-392.7058 6 45
-392.70576 6 46
-392.70572 6 47
-392.7057 6 48
-392.70554 6 49
-392.70553 6 50
-392.70551 6 51
-392.70547 6 52
-392.7054 6 53
-392.70538 6 54
-392.70537 6 55
-392.70529 6 56
-392.70529 6 57
-392.70526 6 58
-392.70525 6 59
-392.70523 6 60
-392.70516 6 61
-392.70573 6 62
-392.69473 6 63
-392.69426 6 64
-392.62843 6 65
-392.57801 6 66
-392.57801 6 67
-392.57797 6 68
-392.57796 6 69
-392.57795 6 70
-392.57794 6 71
-392.57794 6 72
-392.57794 6 73
-392.57793 6 74
-392.57792 6 75
-392.57792 6 76
-392.57789 6 77
-392.57788 6 78
-392.57786 6 79
-392.57784 6 80
-392.57711 6 81
-392.5771 6 82
-392.57708 6 83
-392.57705 6 84
-392.57705 6 85
-392.57705 6 86
-392.57705 6 87
-392.57704 6 88
-392.577 6 89
-392.57708 6 90
-392.57695 6 91
-392.57688 6 92
-392.57678 6 93
-392.57674 6 94
-392.57161 6 95
-392.57161 6 96
-392.57158 6 97
-392.57158 6 98
-392.57156 6 99
-392.57156 6 100
-392.82052 7 1
-392.72984 7 2
-392.72616 7 3
-392.72613 7 4
-392.72613 7 5
-392.72613 7 6
-392.72612 7 7
-392.72611 7 8
-392.72611 7 9
-392.72611 7 10
-392.72611 7 11
-392.7261 7 12
-392.72609 7 13
-392.72608 7 14
-392.72608 7 15
-392.72607 7 16
-392.72606 7 17
-392.72605 7 18
-392.72604 7 19
-392.72604 7 20
-392.72604 7 21
-392.72603 7 22
-392.72603 7 23
-392.726 7 24
-392.72599 7 25
-392.72597 7 26
-392.72595 7 27
-392.72595 7 28
-392.72594 7 29
-392.72593 7 30
-392.72592 7 31
-392.72588 7 32
-392.72587 7 33
-392.72582 7 34
-392.72575 7 35
-392.72558 7 36
-392.72556 7 37
-392.72555 7 38
-392.72554 7 39
-392.72512 7 40
-392.72428 7 41
-392.72415 7 42
-392.72413 7 43
-392.71692 7 44
-392.70586 7 45
-392.70586 7 46
-392.70586 7 47
-392.70586 7 48
-392.70585 7 49
-392.70585 7 50
-392.70585 7 51
-392.70585 7 52
-392.70584 7 53
-392.70584 7 54
-392.70583 7 55
-392.70582 7 56
-392.70582 7 57
-392.70582 7 58
-392.70581 7 59
-392.7058 7 60
-392.7058 7 61
-392.70576 7 62
-392.70573 7 63
-392.70572 7 64
-392.7057 7 65
-392.70554 7 66
-392.70553 7 67
-392.70551 7 68
-392.70547 7 69
-392.70546 7 70
-392.70545 7 71
-392.7054 7 72
-392.70538 7 73
-392.70537 7 74
-392.70532 7 75
-392.70529 7 76
-392.70529 7 77
-392.70526 7 78
-392.70525 7 79
-392.70523 7 80
-392.70516 7 81
-392.70503 7 82
-392.70531 7 83
-392.69473 7 84
-392.69426 7 85
-392.6815 7 86
-392.62896 7 87
-392.62843 7 88
-392.57801 7 89
-392.57801 7 90
-392.57798 7 91
-392.57798 7 92
-392.57797 7 93
-392.57796 7 94
-392.57795 7 95
-392.57794 7 96
-392.57794 7 97
-392.57794 7 98
-392.57793 7 99
-392.57792 7 100
-392.82052 8 1
-392.72984 8 2
-392.72616 8 3
-392.72613 8 4
-392.72613 8 5
-392.72613 8 6
-392.72612 8 7
-392.72611 8 8
-392.72611 8 9
-392.72611 8 10
-392.72611 8 11
-392.72611 8 12
-392.7261 8 13
-392.72609 8 14
-392.72608 8 15
-392.72608 8 16
-392.72608 8 17
-392.72607 8 18
-392.72606 8 19
-392.72605 8 20
-392.72604 8 21
-392.72604 8 22
-392.72604 8 23
-392.72604 8 24
-392.72603 8 25
-392.72603 8 26
-392.72603 8 27
-392.726 8 28
-392.72599 8 29
-392.72598 8 30
-392.72597 8 31
-392.72597 8 32
-392.72595 8 33
-392.72595 8 34
-392.72594 8 35
-392.72593 8 36
-392.72592 8 37
-392.72591 8 38
-392.72588 8 39
-392.72587 8 40
-392.72582 8 41
-392.72575 8 42
-392.72571 8 43
-392.72558 8 44
-392.72556 8 45
-392.72555 8 46
-392.72554 8 47
-392.72512 8 48
-392.7249 8 49
-392.72428 8 50
-392.72421 8 51
-392.72415 8 52
-392.72413 8 53
-392.72519 8 54
-392.71692 8 55
-392.70595 8 56
-392.70588 8 57
-392.70588 8 58
-392.70586 8 59
-392.70586 8 60
-392.70586 8 61
-392.70586 8 62
-392.70585 8 63
-392.70585 8 64
-392.70585 8 65
-392.70585 8 66
-392.70584 8 67
-392.70584 8 68
-392.70583 8 69
-392.70582 8 70
-392.70582 8 71
-392.70582 8 72
-392.70581 8 73
-392.7058 8 74
-392.7058 8 75
-392.70579 8 76
-392.70576 8 77
-392.70574 8 78
-392.70573 8 79
-392.70572 8 80
-392.7057 8 81
-392.70569 8 82
-392.70566 8 83
-392.70564 8 84
-392.70554 8 85
-392.70553 8 86
-392.70551 8 87
-392.70547 8 88
-392.70546 8 89
-392.70545 8 90
-392.7054 8 91
-392.70538 8 92
-392.70537 8 93
-392.70535 8 94
-392.70532 8 95
-392.70531 8 96
-392.7053 8 97
-392.70529 8 98
-392.70529 8 99
-392.70526 8 100
-392.82052 9 1
-392.72984 9 2
-392.72616 9 3
-392.72614 9 4
-392.72613 9 5
-392.72613 9 6
-392.72613 9 7
-392.72612 9 8
-392.72611 9 9
-392.72611 9 10
-392.72611 9 11
-392.72611 9 12
-392.72611 9 13
-392.7261 9 14
-392.72609 9 15
-392.72608 9 16
-392.72608 9 17
-392.72608 9 18
-392.72608 9 19
-392.72607 9 20
-392.72607 9 21
-392.72606 9 22
-392.72606 9 23
-392.72605 9 24
-392.72604 9 25
-392.72604 9 26
-392.72604 9 27
-392.72604 9 28
-392.72604 9 29
-392.72603 9 30
-392.72603 9 31
-392.72603 9 32
-392.726 9 33
-392.72599 9 34
-392.72598 9 35
-392.72597 9 36
-392.72597 9 37
-392.72596 9 38
-392.72595 9 39
-392.72595 9 40
-392.72594 9 41
-392.72593 9 42
-392.72592 9 43
-392.72591 9 44
-392.72588 9 45
-392.72588 9 46
-392.72587 9 47
-392.72587 9 48
-392.72582 9 49
-392.72575 9 50
-392.72571 9 51
-392.72585 9 52
-392.72558 9 53
-392.72556 9 54
-392.72555 9 55
-392.72554 9 56
-392.72608 9 57
-392.72512 9 58
-392.7249 9 59
-392.72428 9 60
-392.72421 9 61
-392.72415 9 62
-392.72413 9 63
-392.7244 9 64
-392.71692 9 65
-392.70595 9 66
-392.70588 9 67
-392.70588 9 68
-392.70586 9 69
-392.70586 9 70
-392.70586 9 71
-392.70586 9 72
-392.70585 9 73
-392.70585 9 74
-392.70585 9 75
-392.70585 9 76
-392.70584 9 77
-392.70584 9 78
-392.70583 9 79
-392.70582 9 80
-392.70582 9 81
-392.70582 9 82
-392.70581 9 83
-392.7058 9 84
-392.7058 9 85
-392.70579 9 86
-392.70579 9 87
-392.70576 9 88
-392.70576 9 89
-392.70576 9 90
-392.70574 9 91
-392.70573 9 92
-392.70572 9 93
-392.70571 9 94
-392.70571 9 95
-392.7057 9 96
-392.7057 9 97
-392.70569 9 98
-392.70569 9 99
-392.70566 9 100
-392.82052 10 1
-392.72984 10 2
-392.72616 10 3
-392.72614 10 4
-392.72613 10 5
-392.72613 10 6
-392.72613 10 7
-392.72613 10 8
-392.72612 10 9
-392.72611 10 10
-392.72611 10 11
-392.72611 10 12
-392.72611 10 13
-392.72611 10 14
-392.7261 10 15
-392.7261 10 16
-392.7261 10 17
-392.72609 10 18
-392.72609 10 19
-392.72608 10 20
-392.72608 10 21
-392.72608 10 22
-392.72608 10 23
-392.72608 10 24
-392.72608 10 25
-392.72607 10 26
-392.72607 10 27
-392.72606 10 28
-392.72606 10 29
-392.72605 10 30
-392.72604 10 31
-392.72604 10 32
-392.72604 10 33
-392.72604 10 34
-392.72604 10 35
-392.72604 10 36
-392.72603 10 37
-392.72603 10 38
-392.72603 10 39
-392.72603 10 40
-392.72602 10 41
-392.726 10 42
-392.726 10 43
-392.72599 10 44
-392.72598 10 45
-392.72598 10 46
-392.72598 10 47
-392.72597 10 48
-392.72597 10 49
-392.72596 10 50
-392.72595 10 51
-392.72595 10 52
-392.72595 10 53
-392.72595 10 54
-392.72594 10 55
-392.72593 10 56
-392.72603 10 57
-392.72592 10 58
-392.72591 10 59
-392.72588 10 60
-392.72588 10 61
-392.72587 10 62
-392.72587 10 63
-392.72585 10 64
-392.72582 10 65
-392.72577 10 66
-392.72576 10 67
-392.72575 10 68
-392.72571 10 69
-392.72566 10 70
-392.7256 10 71
-392.72558 10 72
-392.72556 10 73
-392.72555 10 74
-392.72554 10 75
-392.72548 10 76
-392.72544 10 77
-392.72544 10 78
-392.72534 10 79
-392.72523 10 80
-392.72512 10 81
-392.7249 10 82
-392.72457 10 83
-392.72609 10 84
-392.72429 10 85
-392.72428 10 86
-392.72421 10 87
-392.72415 10 88
-392.72413 10 89
-392.71725 10 90
-392.71692 10 91
-392.70595 10 92
-392.70588 10 93
-392.70588 10 94
-392.70588 10 95
-392.70586 10 96
-392.70586 10 97
-392.70586 10 98
-392.70586 10 99
-392.70585 10 100
-392.82052 11 1
-392.72984 11 2
-392.72617 11 3
-392.72616 11 4
-392.72616 11 5
-392.72614 11 6
-392.72613 11 7
-392.72613 11 8
-392.72613 11 9
-392.72613 11 10
-392.72612 11 11
-392.72611 11 12
-392.72611 11 13
-392.72611 11 14
-392.72611 11 15
-392.72611 11 16
-392.7261 11 17
-392.7261 11 18
-392.7261 11 19
-392.72609 11 20
-392.72609 11 21
-392.72609 11 22
-392.72608 11 23
-392.72608 11 24
-392.72608 11 25
-392.72608 11 26
-392.72608 11 27
-392.72608 11 28
-392.72608 11 29
-392.72607 11 30
-392.72607 11 31
-392.72607 11 32
-392.72606 11 33
-392.72606 11 34
-392.72605 11 35
-392.72605 11 36
-392.72605 11 37
-392.72604 11 38
-392.72604 11 39
-392.72604 11 40
-392.72604 11 41
-392.72604 11 42
-392.72604 11 43
-392.72604 11 44
-392.72603 11 45
-392.72603 11 46
-392.72603 11 47
-392.72603 11 48
-392.72603 11 49
-392.72602 11 50
-392.726 11 51
-392.726 11 52
-392.726 11 53
-392.726 11 54
-392.726 11 55
-392.72599 11 56
-392.72599 11 57
-392.72598 11 58
-392.72598 11 59
-392.72598 11 60
-392.72597 11 61
-392.72597 11 62
-392.72596 11 63
-392.72596 11 64
-392.72595 11 65
-392.72595 11 66
-392.72595 11 67
-392.72595 11 68
-392.72594 11 69
-392.72593 11 70
-392.72592 11 71
-392.72591 11 72
-392.72589 11 73
-392.72588 11 74
-392.72588 11 75
-392.72587 11 76
-392.72587 11 77
-392.72585 11 78
-392.72582 11 79
-392.72581 11 80
-392.72579 11 81
-392.72577 11 82
-392.72577 11 83
-392.72576 11 84
-392.72575 11 85
-392.72574 11 86
-392.72573 11 87
-392.72572 11 88
-392.72572 11 89
-392.72571 11 90
-392.72571 11 91
-392.72566 11 92
-392.7256 11 93
-392.72558 11 94
-392.72557 11 95
-392.72556 11 96
-392.72555 11 97
-392.72554 11 98
-392.72548 11 99
-392.72544 11 100
-392.82052 12 1
-392.72984 12 2
-392.72617 12 3
-392.72616 12 4
-392.72616 12 5
-392.72614 12 6
-392.72613 12 7
-392.72613 12 8
-392.72613 12 9
-392.72613 12 10
-392.72613 12 11
-392.72612 12 12
-392.72611 12 13
-392.72611 12 14
-392.72611 12 15
-392.72611 12 16
-392.72611 12 17
-392.72611 12 18
-392.7261 12 19
-392.7261 12 20
-392.7261 12 21
-392.72609 12 22
-392.72609 12 23
-392.72609 12 24
-392.72609 12 25
-392.72608 12 26
-392.72608 12 27
-392.72608 12 28
-392.72608 12 29
-392.72608 12 30
-392.72608 12 31
-392.72608 12 32
-392.72608 12 33
-392.72607 12 34
-392.72607 12 35
-392.72607 12 36
-392.72606 12 37
-392.72606 12 38
-392.72606 12 39
-392.72605 12 40
-392.72605 12 41
-392.72605 12 42
-392.72605 12 43
-392.72605 12 44
-392.72604 12 45
-392.72604 12 46
-392.72604 12 47
-392.72604 12 48
-392.72604 12 49
-392.72604 12 50
-392.72604 12 51
-392.72604 12 52
-392.72603 12 53
-392.72603 12 54
-392.72603 12 55
-392.72603 12 56
-392.72603 12 57
-392.72603 12 58
-392.72603 12 59
-392.72602 12 60
-392.72602 12 61
-392.72602 12 62
-392.72601 12 63
-392.72601 12 64
-392.726 12 65
-392.726 12 66
-392.726 12 67
-392.726 12 68
-392.726 12 69
-392.726 12 70
-392.726 12 71
-392.72599 12 72
-392.72599 12 73
-392.72598 12 74
-392.72598 12 75
-392.72598 12 76
-392.72597 12 77
-392.72597 12 78
-392.72597 12 79
-392.72596 12 80
-392.72596 12 81
-392.72596 12 82
-392.72596 12 83
-392.72595 12 84
-392.72595 12 85
-392.72595 12 86
-392.72595 12 87
-392.72594 12 88
-392.72593 12 89
-392.72593 12 90
-392.72592 12 91
-392.72591 12 92
-392.72589 12 93
-392.72588 12 94
-392.72588 12 95
-392.72587 12 96
-392.72587 12 97
-392.72587 12 98
-392.72586 12 99
-392.72585 12 100
-392.82052 13 1
-392.72984 13 2
-392.72617 13 3
-392.72616 13 4
-392.72616 13 5
-392.72615 13 6
-392.72614 13 7
-392.72613 13 8
-392.72613 13 9
-392.72613 13 10
-392.72613 13 11
-392.72613 13 12
-392.72612 13 13
-392.72611 13 14
-392.72611 13 15
-392.72611 13 16
-392.72611 13 17
-392.72611 13 18
-392.72611 13 19
-392.7261 13 20
-392.7261 13 21
-392.7261 13 22
-392.72609 13 23
-392.72609 13 24
-392.72609 13 25
-392.72609 13 26
-392.72609 13 27
-392.72608 13 28
-392.72608 13 29
-392.72608 13 30
-392.72608 13 31
-392.72608 13 32
-392.72608 13 33
-392.72608 13 34
-392.72608 13 35
-392.72608 13 36
-392.72607 13 37
-392.72607 13 38
-392.72607 13 39
-392.72606 13 40
-392.72606 13 41
-392.72606 13 42
-392.72605 13 43
-392.72605 13 44
-392.72605 13 45
-392.72605 13 46
-392.72605 13 47
-392.72605 13 48
-392.72604 13 49
-392.72604 13 50
-392.72604 13 51
-392.72604 13 52
-392.72604 13 53
-392.72604 13 54
-392.72604 13 55
-392.72604 13 56
-392.72604 13 57
-392.72603 13 58
-392.72603 13 59
-392.72603 13 60
-392.72603 13 61
-392.72603 13 62
-392.72603 13 63
-392.72603 13 64
-392.72603 13 65
-392.72603 13 66
-392.72602 13 67
-392.72602 13 68
-392.72602 13 69
-392.72602 13 70
-392.72601 13 71
-392.72601 13 72
-392.726 13 73
-392.726 13 74
-392.726 13 75
-392.726 13 76
-392.726 13 77
-392.726 13 78
-392.726 13 79
-392.726 13 80
-392.726 13 81
-392.726 13 82
-392.72599 13 83
-392.72599 13 84
-392.72599 13 85
-392.72599 13 86
-392.72598 13 87
-392.72598 13 88
-392.72598 13 89
-392.72597 13 90
-392.72597 13 91
-392.72597 13 92
-392.72596 13 93
-392.72596 13 94
-392.72596 13 95
-392.72596 13 96
-392.72596 13 97
-392.72595 13 98
-392.72595 13 99
-392.72595 13 100
-392.82052 14 1
-392.72984 14 2
-392.72617 14 3
-392.72616 14 4
-392.72616 14 5
-392.72615 14 6
-392.72615 14 7
-392.72614 14 8
-392.72613 14 9
-392.72613 14 10
-392.72613 14 11
-392.72613 14 12
-392.72613 14 13
-392.72613 14 14
-392.72612 14 15
-392.72612 14 16
-392.72611 14 17
-392.72611 14 18
-392.72611 14 19
-392.72611 14 20
-392.72611 14 21
-392.72611 14 22
-392.72611 14 23
-392.7261 14 24
-392.7261 14 25
-392.7261 14 26
-392.7261 14 27
-392.72609 14 28
-392.72609 14 29
-392.72609 14 30
-392.72609 14 31
-392.72609 14 32
-392.72609 14 33
-392.72608 14 34
-392.72608 14 35
-392.72608 14 36
-392.72608 14 37
-392.72608 14 38
-392.72608 14 39
-392.72608 14 40
-392.72608 14 41
-392.72608 14 42
-392.72608 14 43
-392.72607 14 44
-392.72607 14 45
-392.72607 14 46
-392.72607 14 47
-392.72607 14 48
-392.72607 14 49
-392.72606 14 50
-392.72606 14 51
-392.72606 14 52
-392.72606 14 53
-392.72605 14 54
-392.72605 14 55
-392.72605 14 56
-392.72605 14 57
-392.72605 14 58
-392.72605 14 59
-392.72605 14 60
-392.72605 14 61
-392.72604 14 62
-392.72604 14 63
-392.72604 14 64
-392.72604 14 65
-392.72604 14 66
-392.72604 14 67
-392.72604 14 68
-392.72604 14 69
-392.72604 14 70
-392.72604 14 71
-392.72604 14 72
-392.72603 14 73
-392.72603 14 74
-392.72603 14 75
-392.72603 14 76
-392.72603 14 77
-392.72603 14 78
-392.72603 14 79
-392.72603 14 80
-392.72603 14 81
-392.72603 14 82
-392.72602 14 83
-392.72602 14 84
-392.72602 14 85
-392.72602 14 86
-392.72602 14 87
-392.72602 14 88
-392.72602 14 89
-392.72602 14 90
-392.72601 14 91
-392.72601 14 92
-392.72601 14 93
-392.726 14 94
-392.726 14 95
-392.726 14 96
-392.726 14 97
-392.726 14 98
-392.726 14 99
-392.726 14 100
-392.82052 15 1
-392.72984 15 2
-392.72617 15 3
-392.72617 15 4
-392.72616 15 5
-392.72616 15 6
-392.72615 15 7
-392.72615 15 8
-392.72614 15 9
-392.72613 15 10
-392.72613 15 11
-392.72613 15 12
-392.72613 15 13
-392.72613 15 14
-392.72613 15 15
-392.72613 15 16
-392.72613 15 17
-392.72612 15 18
-392.72612 15 19
-392.72612 15 20
-392.72611 15 21
-392.72611 15 22
-392.72611 15 23
-392.72611 15 24
-392.72611 15 25
-392.72611 15 26
-392.72611 15 27
-392.7261 15 28
-392.7261 15 29
-392.7261 15 30
-392.7261 15 31
-392.7261 15 32
-392.7261 15 33
-392.7261 15 34
-392.7261 15 35
-392.72609 15 36
-392.72609 15 37
-392.72609 15 38
-392.72609 15 39
-392.72609 15 40
-392.72609 15 41
-392.72608 15 42
-392.72608 15 43
-392.72608 15 44
-392.72608 15 45
-392.72608 15 46
-392.72608 15 47
-392.72608 15 48
-392.72608 15 49
-392.72608 15 50
-392.72608 15 51
-392.72608 15 52
-392.72608 15 53
-392.72607 15 54
-392.72607 15 55
-392.72607 15 56
-392.72607 15 57
-392.72607 15 58
-392.72607 15 59
-392.72607 15 60
-392.72607 15 61
-392.72607 15 62
-392.72607 15 63
-392.72606 15 64
-392.72606 15 65
-392.72606 15 66
-392.72606 15 67
-392.72605 15 68
-392.72605 15 69
-392.72605 15 70
-392.72605 15 71
-392.72605 15 72
-392.72605 15 73
-392.72605 15 74
-392.72605 15 75
-392.72604 15 76
-392.72604 15 77
-392.72604 15 78
-392.72604 15 79
-392.72604 15 80
-392.72604 15 81
-392.72604 15 82
-392.72604 15 83
-392.72604 15 84
-392.72604 15 85
-392.72604 15 86
-392.72604 15 87
-392.72604 15 88
-392.72603 15 89
-392.72603 15 90
-392.72603 15 91
-392.72603 15 92
-392.72603 15 93
-392.72603 15 94
-392.72603 15 95
-392.72603 15 96
-392.72603 15 97
-392.72603 15 98
-392.72603 15 99
-392.72602 15 100
-392.82052 16 1
-392.72984 16 2
-392.72618 16 3
-392.72617 16 4
-392.72617 16 5
-392.72616 16 6
-392.72616 16 7
-392.72615 16 8
-392.72615 16 9
-392.72614 16 10
-392.72613 16 11
-392.72613 16 12
-392.72613 16 13
-392.72613 16 14
-392.72613 16 15
-392.72613 16 16
-392.72613 16 17
-392.72613 16 18
-392.72612 16 19
-392.72612 16 20
-392.72612 16 21
-392.72611 16 22
-392.72611 16 23
-392.72611 16 24
-392.72611 16 25
-392.72611 16 26
-392.72611 16 27
-392.72611 16 28
-392.72611 16 29
-392.72611 16 30
-392.7261 16 31
-392.7261 16 32
-392.7261 16 33
-392.7261 16 34
-392.7261 16 35
-392.7261 16 36
-392.7261 16 37
-392.7261 16 38
-392.72609 16 39
-392.72609 16 40
-392.72609 16 41
-392.72609 16 42
-392.72609 16 43
-392.72609 16 44
-392.72609 16 45
-392.72609 16 46
-392.72608 16 47
-392.72608 16 48
-392.72608 16 49
-392.72608 16 50
-392.72608 16 51
-392.72608 16 52
-392.72608 16 53
-392.72608 16 54
-392.72608 16 55
-392.72608 16 56
-392.72608 16 57
-392.72608 16 58
-392.72607 16 59
-392.72607 16 60
-392.72607 16 61
-392.72607 16 62
-392.72607 16 63
-392.72607 16 64
-392.72607 16 65
-392.72607 16 66
-392.72607 16 67
-392.72607 16 68
-392.72606 16 69
-392.72606 16 70
-392.72606 16 71
-392.72606 16 72
-392.72606 16 73
-392.72606 16 74
-392.72606 16 75
-392.72606 16 76
-392.72605 16 77
-392.72605 16 78
-392.72605 16 79
-392.72605 16 80
-392.72605 16 81
-392.72605 16 82
-392.72605 16 83
-392.72605 16 84
-392.72605 16 85
-392.72605 16 86
-392.72605 16 87
-392.72604 16 88
-392.72604 16 89
-392.72604 16 90
-392.72604 16 91
-392.72604 16 92
-392.72604 16 93
-392.72604 16 94
-392.72604 16 95
-392.72604 16 96
-392.72604 16 97
-392.72604 16 98
-392.72604 16 99
-392.72604 16 100
-392.82052 17 1
-392.72984 17 2
-392.72618 17 3
-392.72618 17 4
-392.72617 17 5
-392.72617 17 6
-392.72616 17 7
-392.72616 17 8
-392.72615 17 9
-392.72615 17 10
-392.72614 17 11
-392.72614 17 12
-392.72614 17 13
-392.72613 17 14
-392.72613 17 15
-392.72613 17 16
-392.72613 17 17
-392.72613 17 18
-392.72613 17 19
-392.72613 17 20
-392.72613 17 21
-392.72612 17 22
-392.72612 17 23
-392.72612 17 24
-392.72612 17 25
-392.72611 17 26
-392.72611 17 27
-392.72611 17 28
-392.72611 17 29
-392.72611 17 30
-392.72611 17 31
-392.72611 17 32
-392.72611 17 33
-392.72611 17 34
-392.72611 17 35
-392.72611 17 36
-392.72611 17 37
-392.72611 17 38
-392.7261 17 39
-392.7261 17 40
-392.7261 17 41
-392.7261 17 42
-392.7261 17 43
-392.7261 17 44
-392.7261 17 45
-392.7261 17 46
-392.7261 17 47
-392.72609 17 48
-392.72609 17 49
-392.72609 17 50
-392.72609 17 51
-392.72609 17 52
-392.72609 17 53
-392.72609 17 54
-392.72609 17 55
-392.72609 17 56
-392.72608 17 57
-392.72608 17 58
-392.72608 17 59
-392.72608 17 60
-392.72608 17 61
-392.72608 17 62
-392.72608 17 63
-392.72608 17 64
-392.72608 17 65
-392.72608 17 66
-392.72608 17 67
-392.72608 17 68
-392.72607 17 69
-392.72607 17 70
-392.72607 17 71
-392.72607 17 72
-392.72607 17 73
-392.72607 17 74
-392.72607 17 75
-392.72607 17 76
-392.72607 17 77
-392.72607 17 78
-392.72606 17 79
-392.72606 17 80
-392.72606 17 81
-392.72606 17 82
-392.72606 17 83
-392.72606 17 84
-392.72606 17 85
-392.72606 17 86
-392.72606 17 87
-392.72605 17 88
-392.72605 17 89
-392.72605 17 90
-392.72605 17 91
-392.72605 17 92
-392.72605 17 93
-392.72605 17 94
-392.72605 17 95
-392.72605 17 96
-392.72605 17 97
-392.72605 17 98
-392.72605 17 99
-392.72604 17 100
-392.82052 18 1
-392.72984 18 2
-392.72618 18 3
-392.72618 18 4
-392.72617 18 5
-392.72617 18 6
-392.72616 18 7
-392.72616 18 8
-392.72615 18 9
-392.72615 18 10
-392.72614 18 11
-392.72614 18 12
-392.72614 18 13
-392.72614 18 14
-392.72613 18 15
-392.72613 18 16
-392.72613 18 17
-392.72613 18 18
-392.72613 18 19
-392.72613 18 20
-392.72613 18 21
-392.72613 18 22
-392.72612 18 23
-392.72612 18 24
-392.72612 18 25
-392.72612 18 26
-392.72612 18 27
-392.72611 18 28
-392.72611 18 29
-392.72611 18 30
-392.72611 18 31
-392.72611 18 32
-392.72611 18 33
-392.72611 18 34
-392.72611 18 35
-392.72611 18 36
-392.72611 18 37
-392.72611 18 38
-392.72611 18 39
-392.72611 18 40
-392.72611 18 41
-392.72611 18 42
-392.7261 18 43
-392.7261 18 44
-392.7261 18 45
-392.7261 18 46
-392.7261 18 47
-392.7261 18 48
-392.7261 18 49
-392.7261 18 50
-392.7261 18 51
-392.7261 18 52
-392.7261 18 53
-392.72609 18 54
-392.72609 18 55
-392.72609 18 56
-392.72609 18 57
-392.72609 18 58
-392.72609 18 59
-392.72609 18 60
-392.72609 18 61
-392.72609 18 62
-392.72609 18 63
-392.72609 18 64
-392.72608 18 65
-392.72608 18 66
-392.72608 18 67
-392.72608 18 68
-392.72608 18 69
-392.72608 18 70
-392.72608 18 71
-392.72608 18 72
-392.72608 18 73
-392.72608 18 74
-392.72608 18 75
-392.72608 18 76
-392.72608 18 77
-392.72608 18 78
-392.72608 18 79
-392.72607 18 80
-392.72607 18 81
-392.72607 18 82
-392.72607 18 83
-392.72607 18 84
-392.72607 18 85
-392.72607 18 86
-392.72607 18 87
-392.72607 18 88
-392.72607 18 89
-392.72607 18 90
-392.72607 18 91
-392.72606 18 92
-392.72606 18 93
-392.72606 18 94
-392.72606 18 95
-392.72606 18 96
-392.72606 18 97
-392.72606 18 98
-392.72606 18 99
-392.72606 18 100
-392.82052 19 1
-392.72984 19 2
-392.72618 19 3
-392.72618 19 4
-392.72617 19 5
-392.72617 19 6
-392.72616 19 7
-392.72616 19 8
-392.72615 19 9
-392.72615 19 10
-392.72614 19 11
-392.72614 19 12
-392.72614 19 13
-392.72614 19 14
-392.72614 19 15
-392.72613 19 16
-392.72613 19 17
-392.72613 19 18
-392.72613 19 19
-392.72613 19 20
-392.72613 19 21
-392.72613 19 22
-392.72613 19 23
-392.72612 19 24
-392.72612 19 25
-392.72612 19 26
-392.72612 19 27
-392.72612 19 28
-392.72611 19 29
-392.72611 19 30
-392.72611 19 31
-392.72611 19 32
-392.72611 19 33
-392.72611 19 34
-392.72611 19 35
-392.72611 19 36
-392.72611 19 37
-392.72611 19 38
-392.72611 19 39
-392.72611 19 40
-392.72611 19 41
-392.72611 19 42
-392.72611 19 43
-392.72611 19 44
-392.7261 19 45
-392.7261 19 46
-392.7261 19 47
-392.7261 19 48
-392.7261 19 49
-392.7261 19 50
-392.7261 19 51
-392.7261 19 52
-392.7261 19 53
-392.7261 19 54
-392.7261 19 55
-392.7261 19 56
-392.7261 19 57
-392.72609 19 58
-392.72609 19 59
-392.72609 19 60
-392.72609 19 61
-392.72609 19 62
-392.72609 19 63
-392.72609 19 64
-392.72609 19 65
-392.72609 19 66
-392.72609 19 67
-392.72609 19 68
-392.72609 19 69
-392.72609 19 70
-392.72609 19 71
-392.72608 19 72
-392.72608 19 73
-392.72608 19 74
-392.72608 19 75
-392.72608 19 76
-392.72608 19 77
-392.72608 19 78
-392.72608 19 79
-392.72608 19 80
-392.72608 19 81
-392.72608 19 82
-392.72608 19 83
-392.72608 19 84
-392.72608 19 85
-392.72608 19 86
-392.72608 19 87
-392.72608 19 88
-392.72607 19 89
-392.72607 19 90
-392.72607 19 91
-392.72607 19 92
-392.72607 19 93
-392.72607 19 94
-392.72607 19 95
-392.72607 19 96
-392.72607 19 97
-392.72607 19 98
-392.72607 19 99
-392.72607 19 100
-392.82052 20 1
-392.72984 20 2
-392.72618 20 3
-392.72618 20 4
-392.72617 20 5
-392.72617 20 6
-392.72616 20 7
-392.72616 20 8
-392.72615 20 9
-392.72615 20 10
-392.72614 20 11
-392.72614 20 12
-392.72614 20 13
-392.72614 20 14
-392.72614 20 15
-392.72613 20 16
-392.72613 20 17
-392.72613 20 18
-392.72613 20 19
-392.72613 20 20
-392.72613 20 21
-392.72613 20 22
-392.72613 20 23
-392.72613 20 24
-392.72612 20 25
-392.72612 20 26
-392.72612 20 27
-392.72612 20 28
-392.72612 20 29
-392.72611 20 30
-392.72611 20 31
-392.72611 20 32
-392.72611 20 33
-392.72611 20 34
-392.72611 20 35
-392.72611 20 36
-392.72611 20 37
-392.72611 20 38
-392.72611 20 39
-392.72611 20 40
-392.72611 20 41
-392.72611 20 42
-392.72611 20 43
-392.72611 20 44
-392.72611 20 45
-392.7261 20 46
-392.7261 20 47
-392.7261 20 48
-392.7261 20 49
-392.7261 20 50
-392.7261 20 51
-392.7261 20 52
-392.7261 20 53
-392.7261 20 54
-392.7261 20 55
-392.7261 20 56
-392.7261 20 57
-392.7261 20 58
-392.72609 20 59
-392.72609 20 60
-392.72609 20 61
-392.72609 20 62
-392.72609 20 63
-392.72609 20 64
-392.72609 20 65
-392.72609 20 66
-392.72609 20 67
-392.72609 20 68
-392.72609 20 69
-392.72609 20 70
-392.72609 20 71
-392.72609 20 72
-392.72608 20 73
-392.72608 20 74
-392.72608 20 75
-392.72608 20 76
-392.72608 20 77
-392.72608 20 78
-392.72608 20 79
-392.72608 20 80
-392.72608 20 81
-392.72608 20 82
-392.72608 20 83
-392.72608 20 84
-392.72608 20 85
-392.72608 20 86
-392.72608 20 87
-392.72608 20 88
-392.72608 20 89
-392.72608 20 90
-392.72607 20 91
-392.72607 20 92
-392.72607 20 93
-392.72607 20 94
-392.72607 20 95
-392.72607 20 96
-392.72607 20 97
-392.72607 20 98
-392.72607 20 99
-392.72607 20 100
-392.82052 21 1
-392.72984 21 2
-392.72618 21 3
-392.72618 21 4
-392.72617 21 5
-392.72617 21 6
-392.72616 21 7
-392.72616 21 8
-392.72615 21 9
-392.72615 21 10
-392.72614 21 11
-392.72614 21 12
-392.72614 21 13
-392.72614 21 14
-392.72614 21 15
-392.72613 21 16
-392.72613 21 17
-392.72613 21 18
-392.72613 21 19
-392.72613 21 20
-392.72613 21 21
-392.72613 21 22
-392.72613 21 23
-392.72613 21 24
-392.72612 21 25
-392.72612 21 26
-392.72612 21 27
-392.72612 21 28
-392.72612 21 29
-392.72612 21 30
-392.72611 21 31
-392.72611 21 32
-392.72611 21 33
-392.72611 21 34
-392.72611 21 35
-392.72611 21 36
-392.72611 21 37
-392.72611 21 38
-392.72611 21 39
-392.72611 21 40
-392.72611 21 41
-392.72611 21 42
-392.72611 21 43
-392.72611 21 44
-392.72611 21 45
-392.72611 21 46
-392.72611 21 47
-392.7261 21 48
-392.7261 21 49
-392.7261 21 50
-392.7261 21 51
-392.7261 21 52
-392.7261 21 53
-392.7261 21 54
-392.7261 21 55
-392.7261 21 56
-392.7261 21 57
-392.7261 21 58
-392.7261 21 59
-392.7261 21 60
-392.72609 21 61
-392.72609 21 62
-392.72609 21 63
-392.72609 21 64
-392.72609 21 65
-392.72609 21 66
-392.72609 21 67
-392.72609 21 68
-392.72609 21 69
-392.72609 21 70
-392.72609 21 71
-392.72609 21 72
-392.72609 21 73
-392.72609 21 74
-392.72609 21 75
-392.72608 21 76
-392.72608 21 77
-392.72608 21 78
-392.72608 21 79
-392.72608 21 80
-392.72608 21 81
-392.72608 21 82
-392.72608 21 83
-392.72608 21 84
-392.72608 21 85
-392.72608 21 86
-392.72608 21 87
-392.72608 21 88
-392.72608 21 89
-392.72608 21 90
-392.72608 21 91
-392.72608 21 92
-392.72608 21 93
-392.72608 21 94
-392.72607 21 95
-392.72607 21 96
-392.72607 21 97
-392.72607 21 98
-392.72607 21 99
-392.72607 21 100
-392.82052 22 1
-392.72984 22 2
-392.72618 22 3
-392.72618 22 4
-392.72617 22 5
-392.72617 22 6
-392.72616 22 7
-392.72616 22 8
-392.72615 22 9
-392.72615 22 10
-392.72615 22 11
-392.72614 22 12
-392.72614 22 13
-392.72614 22 14
-392.72614 22 15
-392.72614 22 16
-392.72613 22 17
-392.72613 22 18
-392.72613 22 19
-392.72613 22 20
-392.72613 22 21
-392.72613 22 22
-392.72613 22 23
-392.72613 22 24
-392.72613 22 25
-392.72613 22 26
-392.72612 22 27
-392.72612 22 28
-392.72612 22 29
-392.72612 22 30
-392.72612 22 31
-392.72612 22 32
-392.72611 22 33
-392.72611 22 34
-392.72611 22 35
-392.72611 22 36
-392.72611 22 37
-392.72611 22 38
-392.72611 22 39
-392.72611 22 40
-392.72611 22 41
-392.72611 22 42
-392.72611 22 43
-392.72611 22 44
-392.72611 22 45
-392.72611 22 46
-392.72611 22 47
-392.72611 22 48
-392.72611 22 49
-392.72611 22 50
-392.72611 22 51
-392.7261 22 52
-392.7261 22 53
-392.7261 22 54
-392.7261 22 55
-392.7261 22 56
-392.7261 22 57
-392.7261 22 58
-392.7261 22 59
-392.7261 22 60
-392.7261 22 61
-392.7261 22 62
-392.7261 22 63
-392.7261 22 64
-392.72609 22 65
-392.72609 22 66
-392.72609 22 67
-392.72609 22 68
-392.72609 22 69
-392.72609 22 70
-392.72609 22 71
-392.72609 22 72
-392.72609 22 73
-392.72609 22 74
-392.72609 22 75
-392.72609 22 76
-392.72609 22 77
-392.72609 22 78
-392.72609 22 79
-392.72608 22 80
-392.72608 22 81
-392.72608 22 82
-392.72608 22 83
-392.72608 22 84
-392.72608 22 85
-392.72608 22 86
-392.72608 22 87
-392.72608 22 88
-392.72608 22 89
-392.72608 22 90
-392.72608 22 91
-392.72608 22 92
-392.72608 22 93
-392.72608 22 94
-392.72608 22 95
-392.72608 22 96
-392.72608 22 97
-392.72608 22 98
-392.72607 22 99
-392.72607 22 100
-392.82052 23 1
-392.72984 23 2
-392.72618 23 3
-392.72618 23 4
-392.72617 23 5
-392.72617 23 6
-392.72616 23 7
-392.72616 23 8
-392.72615 23 9
-392.72615 23 10
-392.72615 23 11
-392.72614 23 12
-392.72614 23 13
-392.72614 23 14
-392.72614 23 15
-392.72614 23 16
-392.72613 23 17
-392.72613 23 18
-392.72613 23 19
-392.72613 23 20
-392.72613 23 21
-392.72613 23 22
-392.72613 23 23
-392.72613 23 24
-392.72613 23 25
-392.72613 23 26
-392.72613 23 27
-392.72612 23 28
-392.72612 23 29
-392.72612 23 30
-392.72612 23 31
-392.72612 23 32
-392.72612 23 33
-392.72612 23 34
-392.72611 23 35
-392.72611 23 36
-392.72611 23 37
-392.72611 23 38
-392.72611 23 39
-392.72611 23 40
-392.72611 23 41
-392.72611 23 42
-392.72611 23 43
-392.72611 23 44
-392.72611 23 45
-392.72611 23 46
-392.72611 23 47
-392.72611 23 48
-392.72611 23 49
-392.72611 23 50
-392.72611 23 51
-392.72611 23 52
-392.72611 23 53
-392.7261 23 54
-392.7261 23 55
-392.7261 23 56
-392.7261 23 57
-392.7261 23 58
-392.7261 23 59
-392.7261 23 60
-392.7261 23 61
-392.7261 23 62
-392.7261 23 63
-392.7261 23 64
-392.7261 23 65
-392.7261 23 66
-392.7261 23 67
-392.72609 23 68
-392.72609 23 69
-392.72609 23 70
-392.72609 23 71
-392.72609 23 72
-392.72609 23 73
-392.72609 23 74
-392.72609 23 75
-392.72609 23 76
-392.72609 23 77
-392.72609 23 78
-392.72609 23 79
-392.72609 23 80
-392.72609 23 81
-392.72609 23 82
-392.72608 23 83
-392.72608 23 84
-392.72608 23 85
-392.72608 23 86
-392.72608 23 87
-392.72608 23 88
-392.72608 23 89
-392.72608 23 90
-392.72608 23 91
-392.72608 23 92
-392.72608 23 93
-392.72608 23 94
-392.72608 23 95
-392.72608 23 96
-392.72608 23 97
-392.72608 23 98
-392.72608 23 99
-392.72608 23 100
-392.82052 24 1
-392.72984 24 2
-392.72618 24 3
-392.72618 24 4
-392.72617 24 5
-392.72617 24 6
-392.72616 24 7
-392.72616 24 8
-392.72615 24 9
-392.72615 24 10
-392.72615 24 11
-392.72615 24 12
-392.72615 24 13
-392.72614 24 14
-392.72614 24 15
-392.72614 24 16
-392.72614 24 17
-392.72614 24 18
-392.72613 24 19
-392.72613 24 20
-392.72613 24 21
-392.72613 24 22
-392.72613 24 23
-392.72613 24 24
-392.72613 24 25
-392.72613 24 26
-392.72613 24 27
-392.72613 24 28
-392.72613 24 29
-392.72612 24 30
-392.72612 24 31
-392.72612 24 32
-392.72612 24 33
-392.72612 24 34
-392.72612 24 35
-392.72612 24 36
-392.72612 24 37
-392.72611 24 38
-392.72611 24 39
-392.72611 24 40
-392.72611 24 41
-392.72611 24 42
-392.72611 24 43
-392.72611 24 44
-392.72611 24 45
-392.72611 24 46
-392.72611 24 47
-392.72611 24 48
-392.72611 24 49
-392.72611 24 50
-392.72611 24 51
-392.72611 24 52
-392.72611 24 53
-392.72611 24 54
-392.72611 24 55
-392.72611 24 56
-392.72611 24 57
-392.7261 24 58
-392.7261 24 59
-392.7261 24 60
-392.7261 24 61
-392.7261 24 62
-392.7261 24 63
-392.7261 24 64
-392.7261 24 65
-392.7261 24 66
-392.7261 24 67
-392.7261 24 68
-392.7261 24 69
-392.7261 24 70
-392.7261 24 71
-392.7261 24 72
-392.72609 24 73
-392.72609 24 74
-392.72609 24 75
-392.72609 24 76
-392.72609 24 77
-392.72609 24 78
-392.72609 24 79
-392.72609 24 80
-392.72609 24 81
-392.72609 24 82
-392.72609 24 83
-392.72609 24 84
-392.72609 24 85
-392.72609 24 86
-392.72609 24 87
-392.72609 24 88
-392.72609 24 89
-392.72608 24 90
-392.72608 24 91
-392.72608 24 92
-392.72608 24 93
-392.72608 24 94
-392.72608 24 95
-392.72608 24 96
-392.72608 24 97
-392.72608 24 98
-392.72608 24 99
-392.72608 24 100
-392.82052 25 1
-392.72984 25 2
-392.72618 25 3
-392.72618 25 4
-392.72617 25 5
-392.72617 25 6
-392.72616 25 7
-392.72616 25 8
-392.72615 25 9
-392.72615 25 10
-392.72615 25 11
-392.72615 25 12
-392.72615 25 13
-392.72615 25 14
-392.72614 25 15
-392.72614 25 16
-392.72614 25 17
-392.72614 25 18
-392.72614 25 19
-392.72613 25 20
-392.72613 25 21
-392.72613 25 22
-392.72613 25 23
-392.72613 25 24
-392.72613 25 25
-392.72613 25 26
-392.72613 25 27
-392.72613 25 28
-392.72613 25 29
-392.72613 25 30
-392.72612 25 31
-392.72612 25 32
-392.72612 25 33
-392.72612 25 34
-392.72612 25 35
-392.72612 25 36
-392.72612 25 37
-392.72612 25 38
-392.72611 25 39
-392.72611 25 40
-392.72611 25 41
-392.72611 25 42
-392.72611 25 43
-392.72611 25 44
-392.72611 25 45
-392.72611 25 46
-392.72611 25 47
-392.72611 25 48
-392.72611 25 49
-392.72611 25 50
-392.72611 25 51
-392.72611 25 52
-392.72611 25 53
-392.72611 25 54
-392.72611 25 55
-392.72611 25 56
-392.72611 25 57
-392.72611 25 58
-392.72611 25 59
-392.72611 25 60
-392.7261 25 61
-392.7261 25 62
-392.7261 25 63
-392.7261 25 64
-392.7261 25 65
-392.7261 25 66
-392.7261 25 67
-392.7261 25 68
-392.7261 25 69
-392.7261 25 70
-392.7261 25 71
-392.7261 25 72
-392.7261 25 73
-392.7261 25 74
-392.7261 25 75
-392.7261 25 76
-392.72609 25 77
-392.72609 25 78
-392.72609 25 79
-392.72609 25 80
-392.72609 25 81
-392.72609 25 82
-392.72609 25 83
-392.72609 25 84
-392.72609 25 85
-392.72609 25 86
-392.72609 25 87
-392.72609 25 88
-392.72609 25 89
-392.72609 25 90
-392.72609 25 91
-392.72609 25 92
-392.72609 25 93
-392.72608 25 94
-392.72608 25 95
-392.72608 25 96
-392.72608 25 97
-392.72608 25 98
-392.72608 25 99
-392.72608 25 100
-392.82052 26 1
-392.72984 26 2
-392.72618 26 3
-392.72618 26 4
-392.72617 26 5
-392.72617 26 6
-392.72616 26 7
-392.72616 26 8
-392.72615 26 9
-392.72615 26 10
-392.72615 26 11
-392.72615 26 12
-392.72615 26 13
-392.72615 26 14
-392.72614 26 15
-392.72614 26 16
-392.72614 26 17
-392.72614 26 18
-392.72614 26 19
-392.72613 26 20
-392.72613 26 21
-392.72613 26 22
-392.72613 26 23
-392.72613 26 24
-392.72613 26 25
-392.72613 26 26
-392.72613 26 27
-392.72613 26 28
-392.72613 26 29
-392.72613 26 30
-392.72612 26 31
-392.72612 26 32
-392.72612 26 33
-392.72612 26 34
-392.72612 26 35
-392.72612 26 36
-392.72612 26 37
-392.72612 26 38
-392.72611 26 39
-392.72611 26 40
-392.72611 26 41
-392.72611 26 42
-392.72611 26 43
-392.72611 26 44
-392.72611 26 45
-392.72611 26 46
-392.72611 26 47
-392.72611 26 48
-392.72611 26 49
-392.72611 26 50
-392.72611 26 51
-392.72611 26 52
-392.72611 26 53
-392.72611 26 54
-392.72611 26 55
-392.72611 26 56
-392.72611 26 57
-392.72611 26 58
-392.72611 26 59
-392.72611 26 60
-392.72611 26 61
-392.72611 26 62
-392.72611 26 63
-392.7261 26 64
-392.7261 26 65
-392.7261 26 66
-392.7261 26 67
-392.7261 26 68
-392.7261 26 69
-392.7261 26 70
-392.7261 26 71
-392.7261 26 72
-392.7261 26 73
-392.7261 26 74
-392.7261 26 75
-392.7261 26 76
-392.7261 26 77
-392.7261 26 78
-392.7261 26 79
-392.7261 26 80
-392.7261 26 81
-392.72609 26 82
-392.72609 26 83
-392.72609 26 84
-392.72609 26 85
-392.72609 26 86
-392.72609 26 87
-392.72609 26 88
-392.72609 26 89
-392.72609 26 90
-392.72609 26 91
-392.72609 26 92
-392.72609 26 93
-392.72609 26 94
-392.72609 26 95
-392.72609 26 96
-392.72609 26 97
-392.72609 26 98
-392.72609 26 99
-392.72608 26 100
-392.82052 27 1
-392.72984 27 2
-392.72618 27 3
-392.72618 27 4
-392.72617 27 5
-392.72617 27 6
-392.72616 27 7
-392.72616 27 8
-392.72615 27 9
-392.72615 27 10
-392.72615 27 11
-392.72615 27 12
-392.72615 27 13
-392.72615 27 14
-392.72614 27 15
-392.72614 27 16
-392.72614 27 17
-392.72614 27 18
-392.72614 27 19
-392.72613 27 20
-392.72613 27 21
-392.72613 27 22
-392.72613 27 23
-392.72613 27 24
-392.72613 27 25
-392.72613 27 26
-392.72613 27 27
-392.72613 27 28
-392.72613 27 29
-392.72613 27 30
-392.72612 27 31
-392.72612 27 32
-392.72612 27 33
-392.72612 27 34
-392.72612 27 35
-392.72612 27 36
-392.72612 27 37
-392.72612 27 38
-392.72611 27 39
-392.72611 27 40
-392.72611 27 41
-392.72611 27 42
-392.72611 27 43
-392.72611 27 44
-392.72611 27 45
-392.72611 27 46
-392.72611 27 47
-392.72611 27 48
-392.72611 27 49
-392.72611 27 50
-392.72611 27 51
-392.72611 27 52
-392.72611 27 53
-392.72611 27 54
-392.72611 27 55
-392.72611 27 56
-392.72611 27 57
-392.72611 27 58
-392.72611 27 59
-392.72611 27 60
-392.72611 27 61
-392.72611 27 62
-392.72611 27 63
-392.7261 27 64
-392.7261 27 65
-392.7261 27 66
-392.7261 27 67
-392.7261 27 68
-392.7261 27 69
-392.7261 27 70
-392.7261 27 71
-392.7261 27 72
-392.7261 27 73
-392.7261 27 74
-392.7261 27 75
-392.7261 27 76
-392.7261 27 77
-392.7261 27 78
-392.7261 27 79
-392.7261 27 80
-392.7261 27 81
-392.7261 27 82
-392.72609 27 83
-392.72609 27 84
-392.72609 27 85
-392.72609 27 86
-392.72609 27 87
-392.72609 27 88
-392.72609 27 89
-392.72609 27 90
-392.72609 27 91
-392.72609 27 92
-392.72609 27 93
-392.72609 27 94
-392.72609 27 95
-392.72609 27 96
-392.72609 27 97
-392.72609 27 98
-392.72609 27 99
-392.72609 27 100
-392.82052 28 1
-392.72984 28 2
-392.72618 28 3
-392.72618 28 4
-392.72618 28 5
-392.72617 28 6
-392.72617 28 7
-392.72616 28 8
-392.72616 28 9
-392.72615 28 10
-392.72615 28 11
-392.72615 28 12
-392.72615 28 13
-392.72615 28 14
-392.72615 28 15
-392.72614 28 16
-392.72614 28 17
-392.72614 28 18
-392.72614 28 19
-392.72614 28 20
-392.72613 28 21
-392.72613 28 22
-392.72613 28 23
-392.72613 28 24
-392.72613 28 25
-392.72613 28 26
-392.72613 28 27
-392.72613 28 28
-392.72613 28 29
-392.72613 28 30
-392.72613 28 31
-392.72612 28 32
-392.72612 28 33
-392.72612 28 34
-392.72612 28 35
-392.72612 28 36
-392.72612 28 37
-392.72612 28 38
-392.72612 28 39
-392.72612 28 40
-392.72611 28 41
-392.72611 28 42
-392.72611 28 43
-392.72611 28 44
-392.72611 28 45
-392.72611 28 46
-392.72611 28 47
-392.72611 28 48
-392.72611 28 49
-392.72611 28 50
-392.72611 28 51
-392.72611 28 52
-392.72611 28 53
-392.72611 28 54
-392.72611 28 55
-392.72611 28 56
-392.72611 28 57
-392.72611 28 58
-392.72611 28 59
-392.72611 28 60
-392.72611 28 61
-392.72611 28 62
-392.72611 28 63
-392.72611 28 64
-392.72611 28 65
-392.72611 28 66
-392.7261 28 67
-392.7261 28 68
-392.7261 28 69
-392.7261 28 70
-392.7261 28 71
-392.7261 28 72
-392.7261 28 73
-392.7261 28 74
-392.7261 28 75
-392.7261 28 76
-392.7261 28 77
-392.7261 28 78
-392.7261 28 79
-392.7261 28 80
-392.7261 28 81
-392.7261 28 82
-392.7261 28 83
-392.7261 28 84
-392.7261 28 85
-392.72609 28 86
-392.72609 28 87
-392.72609 28 88
-392.72609 28 89
-392.72609 28 90
-392.72609 28 91
-392.72609 28 92
-392.72609 28 93
-392.72609 28 94
-392.72609 28 95
-392.72609 28 96
-392.72609 28 97
-392.72609 28 98
-392.72609 28 99
-392.72609 28 100
-392.82052 29 1
-392.72984 29 2
-392.72618 29 3
-392.72618 29 4
-392.72618 29 5
-392.72617 29 6
-392.72617 29 7
-392.72616 29 8
-392.72616 29 9
-392.72615 29 10
-392.72615 29 11
-392.72615 29 12
-392.72615 29 13
-392.72615 29 14
-392.72615 29 15
-392.72614 29 16
-392.72614 29 17
-392.72614 29 18
-392.72614 29 19
-392.72614 29 20
-392.72613 29 21
-392.72613 29 22
-392.72613 29 23
-392.72613 29 24
-392.72613 29 25
-392.72613 29 26
-392.72613 29 27
-392.72613 29 28
-392.72613 29 29
-392.72613 29 30
-392.72613 29 31
-392.72613 29 32
-392.72612 29 33
-392.72612 29 34
-392.72612 29 35
-392.72612 29 36
-392.72612 29 37
-392.72612 29 38
-392.72612 29 39
-392.72612 29 40
-392.72612 29 41
-392.72612 29 42
-392.72611 29 43
-392.72611 29 44
-392.72611 29 45
-392.72611 29 46
-392.72611 29 47
-392.72611 29 48
-392.72611 29 49
-392.72611 29 50
-392.72611 29 51
-392.72611 29 52
-392.72611 29 53
-392.72611 29 54
-392.72611 29 55
-392.72611 29 56
-392.72611 29 57
-392.72611 29 58
-392.72611 29 59
-392.72611 29 60
-392.72611 29 61
-392.72611 29 62
-392.72611 29 63
-392.72611 29 64
-392.72611 29 65
-392.72611 29 66
-392.72611 29 67
-392.72611 29 68
-392.7261 29 69
-392.7261 29 70
-392.7261 29 71
-392.7261 29 72
-392.7261 29 73
-392.7261 29 74
-392.7261 29 75
-392.7261 29 76
-392.7261 29 77
-392.7261 29 78
-392.7261 29 79
-392.7261 29 80
-392.7261 29 81
-392.7261 29 82
-392.7261 29 83
-392.7261 29 84
-392.7261 29 85
-392.7261 29 86
-392.7261 29 87
-392.7261 29 88
-392.7261 29 89
-392.7261 29 90
-392.72609 29 91
-392.72609 29 92
-392.72609 29 93
-392.72609 29 94
-392.72609 29 95
-392.72609 29 96
-392.72609 29 97
-392.72609 29 98
-392.72609 29 99
-392.72609 29 100
-392.82052 30 1
-392.72984 30 2
-392.72618 30 3
-392.72618 30 4
-392.72618 30 5
-392.72617 30 6
-392.72617 30 7
-392.72616 30 8
-392.72616 30 9
-392.72615 30 10
-392.72615 30 11
-392.72615 30 12
-392.72615 30 13
-392.72615 30 14
-392.72615 30 15
-392.72615 30 16
-392.72614 30 17
-392.72614 30 18
-392.72614 30 19
-392.72614 30 20
-392.72614 30 21
-392.72614 30 22
-392.72613 30 23
-392.72613 30 24
-392.72613 30 25
-392.72613 30 26
-392.72613 30 27
-392.72613 30 28
-392.72613 30 29
-392.72613 30 30
-392.72613 30 31
-392.72613 30 32
-392.72613 30 33
-392.72613 30 34
-392.72613 30 35
-392.72613 30 36
-392.72612 30 37
-392.72612 30 38
-392.72612 30 39
-392.72612 30 40
-392.72612 30 41
-392.72612 30 42
-392.72612 30 43
-392.72612 30 44
-392.72612 30 45
-392.72612 30 46
-392.72611 30 47
-392.72611 30 48
-392.72611 30 49
-392.72611 30 50
-392.72611 30 51
-392.72611 30 52
-392.72611 30 53
-392.72611 30 54
-392.72611 30 55
-392.72611 30 56
-392.72611 30 57
-392.72611 30 58
-392.72611 30 59
-392.72611 30 60
-392.72611 30 61
-392.72611 30 62
-392.72611 30 63
-392.72611 30 64
-392.72611 30 65
-392.72611 30 66
-392.72611 30 67
-392.72611 30 68
-392.72611 30 69
-392.72611 30 70
-392.72611 30 71
-392.72611 30 72
-392.72611 30 73
-392.72611 30 74
-392.72611 30 75
-392.72611 30 76
-392.7261 30 77
-392.7261 30 78
-392.7261 30 79
-392.7261 30 80
-392.7261 30 81
-392.7261 30 82
-392.7261 30 83
-392.7261 30 84
-392.7261 30 85
-392.7261 30 86
-392.7261 30 87
-392.7261 30 88
-392.7261 30 89
-392.7261 30 90
-392.7261 30 91
-392.7261 30 92
-392.7261 30 93
-392.7261 30 94
-392.7261 30 95
-392.7261 30 96
-392.7261 30 97
-392.7261 30 98
-392.72609 30 99
-392.72609 30 100
