-392.5 1 1
-371.8 1 2
-392.6 1 3
-369.0 1 4
-378.0 1 5
-364.5 1 6
-389.3 1 7
-387.9 1 8
-372.5 1 9
-375.1 1 10
-354.2 1 11
-390.1 1 12
-380.3 1 13
-388.5 1 14
-367.8 1 15
-388.1 1 16
-389.1 1 17
-389.1 1 18
-383.7 1 19
-387.1 1 20
-373.7 1 21
-390.5 1 22
-392.6 1 23
-379.1 1 24
-392.5 1 25
-360.8 1 26
-379.0 1 27
-375.3 1 28
-388.6 1 29
-380.4 1 30
-380.0 1 31
-367.6 1 32
-373.2 1 33
-384.6 1 34
-382.5 1 35
-388.5 1 36
-373.5 1 37
-377.5 1 38
-384.7 1 39
-373.0 1 40
-386.5 1 41
-387.1 1 42
-389.3 1 43
-364.0 1 44
-383.9 1 45
-383.0 1 46
-384.6 1 47
-383.4 1 48
-392.6 1 49
-383.5 1 50
-372.9 1 51
-390.6 1 52
-390.6 1 53
-384.9 1 54
-374.9 1 55
-377.6 1 56
-375.5 1 57
-385.6 1 58
-381.5 1 59
-386.2 1 60
-390.5 1 61
-391.3 1 62
-355.4 1 63
-379.1 1 64
-388.6 1 65
-391.7 1 66
-389.0 1 67
-368.3 1 68
-388.5 1 69
-388.0 1 70
-386.1 1 71
-378.7 1 72
-390.3 1 73
-390.2 1 74
-391.9 1 75
-390.9 1 76
-386.8 1 77
-389.8 1 78
-372.6 1 79
-384.4 1 80
-387.0 1 81
-386.9 1 82
-384.1 1 83
-387.9 1 84
-376.9 1 85
-355.9 1 86
-387.6 1 87
-379.8 1 88
-366.1 1 89
-386.4 1 90
-387.8 1 91
-374.8 1 92
-385.6 1 93
-372.7 1 94
-378.4 1 95
-386.5 1 96
-369.1 1 97
-377.5 1 98
-372.2 1 99
-376.7 1 100
-392.7 2 1
-392.7 2 2
-392.7 2 3
-392.7 2 4
-392.7 2 5
-392.7 2 6
-392.7 2 7
-392.6 2 8
-392.6 2 9
-392.6 2 10
-392.6 2 11
-392.6 2 12
-392.6 2 13
-392.6 2 14
-392.5 2 15
-392.5 2 16
-392.5 2 17
-392.2 2 18
-392.1 2 19
-392.1 2 20
-392.1 2 21
-392.0 2 22
-392.0 2 23
-391.9 2 24
-391.9 2 25
-391.9 2 26
-391.7 2 27
-391.3 2 28
-391.3 2 29
-391.1 2 30
-391.0 2 31
-390.9 2 32
-390.8 2 33
-390.8 2 34
-390.8 2 35
-390.8 2 36
-390.8 2 37
-390.6 2 38
-390.6 2 39
-390.5 2 40
-390.5 2 41
-390.5 2 42
-390.4 2 43
-390.4 2 44
-390.3 2 45
-390.3 2 46
-390.3 2 47
-390.3 2 48
-390.2 2 49
-390.2 2 50
-390.2 2 51
-390.1 2 52
-390.1 2 53
-390.1 2 54
-390.1 2 55
-390.1 2 56
-390.1 2 57
-390.1 2 58
-390.0 2 59
-389.9 2 60
-389.8 2 61
-389.8 2 62
-389.8 2 63
-389.7 2 64
-391.3 2 65
-389.5 2 66
-389.5 2 67
-389.3 2 68
-389.3 2 69
-389.3 2 70
-389.2 2 71
-389.1 2 72
-389.1 2 73
-389.1 2 74
-389.1 2 75
-389.1 2 76
-389.1 2 77
-389.1 2 78
-388.9 2 79
-388.9 2 80
-388.9 2 81
-388.8 2 82
-388.7 2 83
-388.6 2 84
-388.7 2 85
-388.6 2 86
-388.6 2 87
-388.6 2 88
-388.5 2 89
-388.5 2 90
-388.5 2 91
-388.3 2 92
-388.3 2 93
-388.2 2 94
-388.2 2 95
-388.1 2 96
-388.1 2 97
-388.0 2 98
-388.0 2 99
-387.9 2 100
-392.7 3 1
-392.7 3 2
-392.7 3 3
-392.7 3 4
-392.7 3 5
-392.7 3 6
-392.7 3 7
-392.7 3 8
-392.7 3 9
-392.7 3 10
-392.7 3 11
-392.7 3 12
-392.7 3 13
-392.7 3 14
-392.7 3 15
-392.7 3 16
-392.7 3 17
-392.7 3 18
-392.7 3 19
-392.6 3 20
-392.6 3 21
-392.6 3 22
-392.6 3 23
-392.6 3 24
-392.6 3 25
-392.6 3 26
-392.6 3 27
-392.6 3 28
-392.6 3 29
-392.6 3 30
-392.6 3 31
-392.6 3 32
-392.6 3 33
-392.6 3 34
-392.5 3 35
-392.5 3 36
-392.5 3 37
-392.5 3 38
-392.5 3 39
-392.5 3 40
-392.2 3 41
-392.2 3 42
-392.1 3 43
-392.1 3 44
-392.1 3 45
-392.1 3 46
-392.0 3 47
-392.0 3 48
-392.0 3 49
-391.9 3 50
-391.9 3 51
-391.9 3 52
-391.9 3 53
-391.9 3 54
-391.9 3 55
-391.9 3 56
-391.9 3 57
-391.9 3 58
-391.9 3 59
-391.9 3 60
-391.7 3 61
-392.6 3 62
-392.5 3 63
-391.4 3 64
-391.3 3 65
-391.6 3 66
-391.3 3 67
-391.3 3 68
-391.3 3 69
-391.2 3 70
-391.1 3 71
-391.1 3 72
-391.1 3 73
-391.0 3 74
-391.0 3 75
-390.9 3 76
-390.8 3 77
-390.8 3 78
-390.8 3 79
-390.8 3 80
-390.8 3 81
-390.8 3 82
-390.7 3 83
-390.6 3 84
-390.6 3 85
-390.6 3 86
-390.5 3 87
-390.5 3 88
-390.5 3 89
-390.5 3 90
-390.4 3 91
-390.4 3 92
-390.4 3 93
-390.4 3 94
-390.3 3 95
-390.3 3 96
-390.3 3 97
-390.3 3 98
-390.3 3 99
-390.2 3 100
-392.7 4 1
-392.7 4 2
-392.7 4 3
-392.7 4 4
-392.7 4 5
-392.7 4 6
-392.7 4 7
-392.7 4 8
-392.7 4 9
-392.7 4 10
-392.7 4 11
-392.7 4 12
-392.7 4 13
-392.7 4 14
-392.7 4 15
-392.7 4 16
-392.7 4 17
-392.7 4 18
-392.7 4 19
-392.7 4 20
-392.7 4 21
-392.7 4 22
-392.7 4 23
-392.7 4 24
-392.7 4 25
-392.7 4 26
-392.7 4 27
-392.7 4 28
-392.7 4 29
-392.7 4 30
-392.7 4 31
-392.7 4 32
-392.6 4 33
-392.6 4 34
-392.6 4 35
-392.6 4 36
-392.6 4 37
-392.6 4 38
-392.6 4 39
-392.6 4 40
-392.6 4 41
-392.6 4 42
-392.6 4 43
-392.6 4 44
-392.6 4 45
-392.6 4 46
-392.6 4 47
-392.6 4 48
-392.6 4 49
-392.6 4 50
-392.6 4 51
-392.6 4 52
-392.6 4 53
-392.6 4 54
-392.6 4 55
-392.6 4 56
-392.6 4 57
-392.6 4 58
-392.6 4 59
-392.6 4 60
-392.5 4 61
-392.5 4 62
-392.5 4 63
-392.5 4 64
-392.5 4 65
-392.5 4 66
-392.5 4 67
-392.5 4 68
-392.5 4 69
-392.5 4 70
-392.5 4 71
-392.5 4 72
-392.5 4 73
-392.5 4 74
-392.5 4 75
-392.3 4 76
-392.2 4 77
-392.2 4 78
-392.2 4 79
-392.1 4 80
-392.1 4 81
-392.1 4 82
-392.1 4 83
-392.1 4 84
-392.0 4 85
-392.0 4 86
-392.0 4 87
-392.0 4 88
-392.0 4 89
-391.9 4 90
-391.9 4 91
-391.9 4 92
-391.9 4 93
-391.9 4 94
-391.9 4 95
-391.9 4 96
-391.9 4 97
-391.9 4 98
-391.9 4 99
-391.9 4 100
-392.7 5 1
-392.7 5 2
-392.7 5 3
-392.7 5 4
-392.7 5 5
-392.7 5 6
-392.7 5 7
-392.7 5 8
-392.7 5 9
-392.7 5 10
-392.7 5 11
-392.7 5 12
-392.7 5 13
-392.7 5 14
-392.7 5 15
-392.7 5 16
-392.7 5 17
-392.7 5 18
-392.7 5 19
-392.7 5 20
-392.7 5 21
-392.7 5 22
-392.7 5 23
-392.7 5 24
-392.7 5 25
-392.7 5 26
-392.7 5 27
-392.7 5 28
-392.7 5 29
-392.7 5 30
-392.7 5 31
-392.7 5 32
-392.7 5 33
-392.7 5 34
-392.7 5 35
-392.7 5 36
-392.7 5 37
-392.7 5 38
-392.7 5 39
-392.7 5 40
-392.7 5 41
-392.7 5 42
-392.7 5 43
-392.7 5 44
-392.7 5 45
-392.6 5 46
-392.6 5 47
-392.6 5 48
-392.6 5 49
-392.6 5 50
-392.6 5 51
-392.6 5 52
-392.6 5 53
-392.6 5 54
-392.6 5 55
-392.6 5 56
-392.6 5 57
-392.6 5 58
-392.6 5 59
-392.6 5 60
-392.6 5 61
-392.6 5 62
-392.6 5 63
-392.6 5 64
-392.6 5 65
-392.6 5 66
-392.6 5 67
-392.6 5 68
-392.6 5 69
-392.6 5 70
-392.6 5 71
-392.6 5 72
-392.6 5 73
-392.6 5 74
-392.6 5 75
-392.6 5 76
-392.6 5 77
-392.6 5 78
-392.6 5 79
-392.6 5 80
-392.6 5 81
-392.6 5 82
-392.6 5 83
-392.5 5 84
-392.5 5 85
-392.5 5 86
-392.5 5 87
-392.5 5 88
-392.5 5 89
-392.5 5 90
-392.5 5 91
-392.5 5 92
-392.5 5 93
-392.5 5 94
-392.5 5 95
-392.5 5 96
-392.5 5 97
-392.5 5 98
-392.5 5 99
-392.5 5 100
-392.8 6 1
-392.7 6 2
-392.7 6 3
-392.7 6 4
-392.7 6 5
-392.7 6 6
-392.7 6 7
-392.7 6 8
-392.7 6 9
-392.7 6 10
-392.7 6 11
-392.7 6 12
-392.7 6 13
-392.7 6 14
-392.7 6 15
-392.7 6 16
-392.7 6 17
-392.7 6 18
-392.7 6 19
-392.7 6 20
-392.7 6 21
-392.7 6 22
-392.7 6 23
-392.7 6 24
-392.7 6 25
-392.7 6 26
-392.7 6 27
-392.7 6 28
-392.7 6 29
-392.7 6 30
-392.7 6 31
-392.7 6 32
-392.7 6 33
-392.7 6 34
-392.7 6 35
-392.7 6 36
-392.7 6 37
-392.7 6 38
-392.7 6 39
-392.7 6 40
-392.7 6 41
-392.7 6 42
-392.7 6 43
-392.7 6 44
-392.7 6 45
-392.7 6 46
-392.7 6 47
-392.7 6 48
-392.7 6 49
-392.7 6 50
-392.7 6 51
-392.7 6 52
-392.7 6 53
-392.7 6 54
-392.7 6 55
-392.7 6 56
-392.7 6 57
-392.7 6 58
-392.7 6 59
-392.7 6 60
-392.7 6 61
-392.7 6 62
-392.7 6 63
-392.7 6 64
-392.6 6 65
-392.6 6 66
-392.6 6 67
-392.6 6 68
-392.6 6 69
-392.6 6 70
-392.6 6 71
-392.6 6 72
-392.6 6 73
-392.6 6 74
-392.6 6 75
-392.6 6 76
-392.6 6 77
-392.6 6 78
-392.6 6 79
-392.6 6 80
-392.6 6 81
-392.6 6 82
-392.6 6 83
-392.6 6 84
-392.6 6 85
-392.6 6 86
-392.6 6 87
-392.6 6 88
-392.6 6 89
-392.6 6 90
-392.6 6 91
-392.6 6 92
-392.6 6 93
-392.6 6 94
-392.6 6 95
-392.6 6 96
-392.6 6 97
-392.6 6 98
-392.6 6 99
-392.6 6 100
-392.8 7 1
-392.7 7 2
-392.7 7 3
-392.7 7 4
-392.7 7 5
-392.7 7 6
-392.7 7 7
-392.7 7 8
-392.7 7 9
-392.7 7 10
-392.7 7 11
-392.7 7 12
-392.7 7 13
-392.7 7 14
-392.7 7 15
-392.7 7 16
-392.7 7 17
-392.7 7 18
-392.7 7 19
-392.7 7 20
-392.7 7 21
-392.7 7 22
-392.7 7 23
-392.7 7 24
-392.7 7 25
-392.7 7 26
-392.7 7 27
-392.7 7 28
-392.7 7 29
-392.7 7 30
-392.7 7 31
-392.7 7 32
-392.7 7 33
-392.7 7 34
-392.7 7 35
-392.7 7 36
-392.7 7 37
-392.7 7 38
-392.7 7 39
-392.7 7 40
-392.7 7 41
-392.7 7 42
-392.7 7 43
-392.7 7 44
-392.7 7 45
-392.7 7 46
-392.7 7 47
-392.7 7 48
-392.7 7 49
-392.7 7 50
-392.7 7 51
-392.7 7 52
-392.7 7 53
-392.7 7 54
-392.7 7 55
-392.7 7 56
-392.7 7 57
-392.7 7 58
-392.7 7 59
-392.7 7 60
-392.7 7 61
-392.7 7 62
-392.7 7 63
-392.7 7 64
-392.7 7 65
-392.7 7 66
-392.7 7 67
-392.7 7 68
-392.7 7 69
-392.7 7 70
-392.7 7 71
-392.7 7 72
-392.7 7 73
-392.7 7 74
-392.7 7 75
-392.7 7 76
-392.7 7 77
-392.7 7 78
-392.7 7 79
-392.7 7 80
-392.7 7 81
-392.7 7 82
-392.7 7 83
-392.7 7 84
-392.7 7 85
-392.7 7 86
-392.6 7 87
-392.6 7 88
-392.6 7 89
-392.6 7 90
-392.6 7 91
-392.6 7 92
-392.6 7 93
-392.6 7 94
-392.6 7 95
-392.6 7 96
-392.6 7 97
-392.6 7 98
-392.6 7 99
-392.6 7 100
-392.8 8 1
-392.7 8 2
-392.7 8 3
-392.7 8 4
-392.7 8 5
-392.7 8 6
-392.7 8 7
-392.7 8 8
-392.7 8 9
-392.7 8 10
-392.7 8 11
-392.7 8 12
-392.7 8 13
-392.7 8 14
-392.7 8 15
-392.7 8 16
-392.7 8 17
-392.7 8 18
-392.7 8 19
-392.7 8 20
-392.7 8 21
-392.7 8 22
-392.7 8 23
-392.7 8 24
-392.7 8 25
-392.7 8 26
-392.7 8 27
-392.7 8 28
-392.7 8 29
-392.7 8 30
-392.7 8 31
-392.7 8 32
-392.7 8 33
-392.7 8 34
-392.7 8 35
-392.7 8 36
-392.7 8 37
-392.7 8 38
-392.7 8 39
-392.7 8 40
-392.7 8 41
-392.7 8 42
-392.7 8 43
-392.7 8 44
-392.7 8 45
-392.7 8 46
-392.7 8 47
-392.7 8 48
-392.7 8 49
-392.7 8 50
-392.7 8 51
-392.7 8 52
-392.7 8 53
-392.7 8 54
-392.7 8 55
-392.7 8 56
-392.7 8 57
-392.7 8 58
-392.7 8 59
-392.7 8 60
-392.7 8 61
-392.7 8 62
-392.7 8 63
-392.7 8 64
-392.7 8 65
-392.7 8 66
-392.7 8 67
-392.7 8 68
-392.7 8 69
-392.7 8 70
-392.7 8 71
-392.7 8 72
-392.7 8 73
-392.7 8 74
-392.7 8 75
-392.7 8 76
-392.7 8 77
-392.7 8 78
-392.7 8 79
-392.7 8 80
-392.7 8 81
-392.7 8 82
-392.7 8 83
-392.7 8 84
-392.7 8 85
-392.7 8 86
-392.7 8 87
-392.7 8 88
-392.7 8 89
-392.7 8 90
-392.7 8 91
-392.7 8 92
-392.7 8 93
-392.7 8 94
-392.7 8 95
-392.7 8 96
-392.7 8 97
-392.7 8 98
-392.7 8 99
-392.7 8 100
-392.8 9 1
-392.7 9 2
-392.7 9 3
-392.7 9 4
-392.7 9 5
-392.7 9 6
-392.7 9 7
-392.7 9 8
-392.7 9 9
-392.7 9 10
-392.7 9 11
-392.7 9 12
-392.7 9 13
-392.7 9 14
-392.7 9 15
-392.7 9 16
-392.7 9 17
-392.7 9 18
-392.7 9 19
-392.7 9 20
-392.7 9 21
-392.7 9 22
-392.7 9 23
-392.7 9 24
-392.7 9 25
-392.7 9 26
-392.7 9 27
-392.7 9 28
-392.7 9 29
-392.7 9 30
-392.7 9 31
-392.7 9 32
-392.7 9 33
-392.7 9 34
-392.7 9 35
-392.7 9 36
-392.7 9 37
-392.7 9 38
-392.7 9 39
-392.7 9 40
-392.7 9 41
-392.7 9 42
-392.7 9 43
-392.7 9 44
-392.7 9 45
-392.7 9 46
-392.7 9 47
-392.7 9 48
-392.7 9 49
-392.7 9 50
-392.7 9 51
-392.7 9 52
-392.7 9 53
-392.7 9 54
-392.7 9 55
-392.7 9 56
-392.7 9 57
-392.7 9 58
-392.7 9 59
-392.7 9 60
-392.7 9 61
-392.7 9 62
-392.7 9 63
-392.7 9 64
-392.7 9 65
-392.7 9 66
-392.7 9 67
-392.7 9 68
-392.7 9 69
-392.7 9 70
-392.7 9 71
-392.7 9 72
-392.7 9 73
-392.7 9 74
-392.7 9 75
-392.7 9 76
-392.7 9 77
-392.7 9 78
-392.7 9 79
-392.7 9 80
-392.7 9 81
-392.7 9 82
-392.7 9 83
-392.7 9 84
-392.7 9 85
-392.7 9 86
-392.7 9 87
-392.7 9 88
-392.7 9 89
-392.7 9 90
-392.7 9 91
-392.7 9 92
-392.7 9 93
-392.7 9 94
-392.7 9 95
-392.7 9 96
-392.7 9 97
-392.7 9 98
-392.7 9 99
-392.7 9 100
-392.8 10 1
-392.7 10 2
-392.7 10 3
-392.7 10 4
-392.7 10 5
-392.7 10 6
-392.7 10 7
-392.7 10 8
-392.7 10 9
-392.7 10 10
-392.7 10 11
-392.7 10 12
-392.7 10 13
-392.7 10 14
-392.7 10 15
-392.7 10 16
-392.7 10 17
-392.7 10 18
-392.7 10 19
-392.7 10 20
-392.7 10 21
-392.7 10 22
-392.7 10 23
-392.7 10 24
-392.7 10 25
-392.7 10 26
-392.7 10 27
-392.7 10 28
-392.7 10 29
-392.7 10 30
-392.7 10 31
-392.7 10 32
-392.7 10 33
-392.7 10 34
-392.7 10 35
-392.7 10 36
-392.7 10 37
-392.7 10 38
-392.7 10 39
-392.7 10 40
-392.7 10 41
-392.7 10 42
-392.7 10 43
-392.7 10 44
-392.7 10 45
-392.7 10 46
-392.7 10 47
-392.7 10 48
-392.7 10 49
-392.7 10 50
-392.7 10 51
-392.7 10 52
-392.7 10 53
-392.7 10 54
-392.7 10 55
-392.7 10 56
-392.7 10 57
-392.7 10 58
-392.7 10 59
-392.7 10 60
-392.7 10 61
-392.7 10 62
-392.7 10 63
-392.7 10 64
-392.7 10 65
-392.7 10 66
-392.7 10 67
-392.7 10 68
-392.7 10 69
-392.7 10 70
-392.7 10 71
-392.7 10 72
-392.7 10 73
-392.7 10 74
-392.7 10 75
-392.7 10 76
-392.7 10 77
-392.7 10 78
-392.7 10 79
-392.7 10 80
-392.7 10 81
-392.7 10 82
-392.7 10 83
-392.7 10 84
-392.7 10 85
-392.7 10 86
-392.7 10 87
-392.7 10 88
-392.7 10 89
-392.7 10 90
-392.7 10 91
-392.7 10 92
-392.7 10 93
-392.7 10 94
-392.7 10 95
-392.7 10 96
-392.7 10 97
-392.7 10 98
-392.7 10 99
-392.7 10 100
-392.8 11 1
-392.7 11 2
-392.7 11 3
-392.7 11 4
-392.7 11 5
-392.7 11 6
-392.7 11 7
-392.7 11 8
-392.7 11 9
-392.7 11 10
-392.7 11 11
-392.7 11 12
-392.7 11 13
-392.7 11 14
-392.7 11 15
-392.7 11 16
-392.7 11 17
-392.7 11 18
-392.7 11 19
-392.7 11 20
-392.7 11 21
-392.7 11 22
-392.7 11 23
-392.7 11 24
-392.7 11 25
-392.7 11 26
-392.7 11 27
-392.7 11 28
-392.7 11 29
-392.7 11 30
-392.7 11 31
-392.7 11 32
-392.7 11 33
-392.7 11 34
-392.7 11 35
-392.7 11 36
-392.7 11 37
-392.7 11 38
-392.7 11 39
-392.7 11 40
-392.7 11 41
-392.7 11 42
-392.7 11 43
-392.7 11 44
-392.7 11 45
-392.7 11 46
-392.7 11 47
-392.7 11 48
-392.7 11 49
-392.7 11 50
-392.7 11 51
-392.7 11 52
-392.7 11 53
-392.7 11 54
-392.7 11 55
-392.7 11 56
-392.7 11 57
-392.7 11 58
-392.7 11 59
-392.7 11 60
-392.7 11 61
-392.7 11 62
-392.7 11 63
-392.7 11 64
-392.7 11 65
-392.7 11 66
-392.7 11 67
-392.7 11 68
-392.7 11 69
-392.7 11 70
-392.7 11 71
-392.7 11 72
-392.7 11 73
-392.7 11 74
-392.7 11 75
-392.7 11 76
-392.7 11 77
-392.7 11 78
-392.7 11 79
-392.7 11 80
-392.7 11 81
-392.7 11 82
-392.7 11 83
-392.7 11 84
-392.7 11 85
-392.7 11 86
-392.7 11 87
-392.7 11 88
-392.7 11 89
-392.7 11 90
-392.7 11 91
-392.7 11 92
-392.7 11 93
-392.7 11 94
-392.7 11 95
-392.7 11 96
-392.7 11 97
-392.7 11 98
-392.7 11 99
-392.7 11 100
-392.8 12 1
-392.7 12 2
-392.7 12 3
-392.7 12 4
-392.7 12 5
-392.7 12 6
-392.7 12 7
-392.7 12 8
-392.7 12 9
-392.7 12 10
-392.7 12 11
-392.7 12 12
-392.7 12 13
-392.7 12 14
-392.7 12 15
-392.7 12 16
-392.7 12 17
-392.7 12 18
-392.7 12 19
-392.7 12 20
-392.7 12 21
-392.7 12 22
-392.7 12 23
-392.7 12 24
-392.7 12 25
-392.7 12 26
-392.7 12 27
-392.7 12 28
-392.7 12 29
-392.7 12 30
-392.7 12 31
-392.7 12 32
-392.7 12 33
-392.7 12 34
-392.7 12 35
-392.7 12 36
-392.7 12 37
-392.7 12 38
-392.7 12 39
-392.7 12 40
-392.7 12 41
-392.7 12 42
-392.7 12 43
-392.7 12 44
-392.7 12 45
-392.7 12 46
-392.7 12 47
-392.7 12 48
-392.7 12 49
-392.7 12 50
-392.7 12 51
-392.7 12 52
-392.7 12 53
-392.7 12 54
-392.7 12 55
-392.7 12 56
-392.7 12 57
-392.7 12 58
-392.7 12 59
-392.7 12 60
-392.7 12 61
-392.7 12 62
-392.7 12 63
-392.7 12 64
-392.7 12 65
-392.7 12 66
-392.7 12 67
-392.7 12 68
-392.7 12 69
-392.7 12 70
-392.7 12 71
-392.7 12 72
-392.7 12 73
-392.7 12 74
-392.7 12 75
-392.7 12 76
-392.7 12 77
-392.7 12 78
-392.7 12 79
-392.7 12 80
-392.7 12 81
-392.7 12 82
-392.7 12 83
-392.7 12 84
-392.7 12 85
-392.7 12 86
-392.7 12 87
-392.7 12 88
-392.7 12 89
-392.7 12 90
-392.7 12 91
-392.7 12 92
-392.7 12 93
-392.7 12 94
-392.7 12 95
-392.7 12 96
-392.7 12 97
-392.7 12 98
-392.7 12 99
-392.7 12 100
-392.8 13 1
-392.7 13 2
-392.7 13 3
-392.7 13 4
-392.7 13 5
-392.7 13 6
-392.7 13 7
-392.7 13 8
-392.7 13 9
-392.7 13 10
-392.7 13 11
-392.7 13 12
-392.7 13 13
-392.7 13 14
-392.7 13 15
-392.7 13 16
-392.7 13 17
-392.7 13 18
-392.7 13 19
-392.7 13 20
-392.7 13 21
-392.7 13 22
-392.7 13 23
-392.7 13 24
-392.7 13 25
-392.7 13 26
-392.7 13 27
-392.7 13 28
-392.7 13 29
-392.7 13 30
-392.7 13 31
-392.7 13 32
-392.7 13 33
-392.7 13 34
-392.7 13 35
-392.7 13 36
-392.7 13 37
-392.7 13 38
-392.7 13 39
-392.7 13 40
-392.7 13 41
-392.7 13 42
-392.7 13 43
-392.7 13 44
-392.7 13 45
-392.7 13 46
-392.7 13 47
-392.7 13 48
-392.7 13 49
-392.7 13 50
-392.7 13 51
-392.7 13 52
-392.7 13 53
-392.7 13 54
-392.7 13 55
-392.7 13 56
-392.7 13 57
-392.7 13 58
-392.7 13 59
-392.7 13 60
-392.7 13 61
-392.7 13 62
-392.7 13 63
-392.7 13 64
-392.7 13 65
-392.7 13 66
-392.7 13 67
-392.7 13 68
-392.7 13 69
-392.7 13 70
-392.7 13 71
-392.7 13 72
-392.7 13 73
-392.7 13 74
-392.7 13 75
-392.7 13 76
-392.7 13 77
-392.7 13 78
-392.7 13 79
-392.7 13 80
-392.7 13 81
-392.7 13 82
-392.7 13 83
-392.7 13 84
-392.7 13 85
-392.7 13 86
-392.7 13 87
-392.7 13 88
-392.7 13 89
-392.7 13 90
-392.7 13 91
-392.7 13 92
-392.7 13 93
-392.7 13 94
-392.7 13 95
-392.7 13 96
-392.7 13 97
-392.7 13 98
-392.7 13 99
-392.7 13 100
-392.8 14 1
-392.7 14 2
-392.7 14 3
-392.7 14 4
-392.7 14 5
-392.7 14 6
-392.7 14 7
-392.7 14 8
-392.7 14 9
-392.7 14 10
-392.7 14 11
-392.7 14 12
-392.7 14 13
-392.7 14 14
-392.7 14 15
-392.7 14 16
-392.7 14 17
-392.7 14 18
-392.7 14 19
-392.7 14 20
-392.7 14 21
-392.7 14 22
-392.7 14 23
-392.7 14 24
-392.7 14 25
-392.7 14 26
-392.7 14 27
-392.7 14 28
-392.7 14 29
-392.7 14 30
-392.7 14 31
-392.7 14 32
-392.7 14 33
-392.7 14 34
-392.7 14 35
-392.7 14 36
-392.7 14 37
-392.7 14 38
-392.7 14 39
-392.7 14 40
-392.7 14 41
-392.7 14 42
-392.7 14 43
-392.7 14 44
-392.7 14 45
-392.7 14 46
-392.7 14 47
-392.7 14 48
-392.7 14 49
-392.7 14 50
-392.7 14 51
-392.7 14 52
-392.7 14 53
-392.7 14 54
-392.7 14 55
-392.7 14 56
-392.7 14 57
-392.7 14 58
-392.7 14 59
-392.7 14 60
-392.7 14 61
-392.7 14 62
-392.7 14 63
-392.7 14 64
-392.7 14 65
-392.7 14 66
-392.7 14 67
-392.7 14 68
-392.7 14 69
-392.7 14 70
-392.7 14 71
-392.7 14 72
-392.7 14 73
-392.7 14 74
-392.7 14 75
-392.7 14 76
-392.7 14 77
-392.7 14 78
-392.7 14 79
-392.7 14 80
-392.7 14 81
-392.7 14 82
-392.7 14 83
-392.7 14 84
-392.7 14 85
-392.7 14 86
-392.7 14 87
-392.7 14 88
-392.7 14 89
-392.7 14 90
-392.7 14 91
-392.7 14 92
-392.7 14 93
-392.7 14 94
-392.7 14 95
-392.7 14 96
-392.7 14 97
-392.7 14 98
-392.7 14 99
-392.7 14 100
-392.8 15 1
-392.7 15 2
-392.7 15 3
-392.7 15 4
-392.7 15 5
-392.7 15 6
-392.7 15 7
-392.7 15 8
-392.7 15 9
-392.7 15 10
-392.7 15 11
-392.7 15 12
-392.7 15 13
-392.7 15 14
-392.7 15 15
-392.7 15 16
-392.7 15 17
-392.7 15 18
-392.7 15 19
-392.7 15 20
-392.7 15 21
-392.7 15 22
-392.7 15 23
-392.7 15 24
-392.7 15 25
-392.7 15 26
-392.7 15 27
-392.7 15 28
-392.7 15 29
-392.7 15 30
-392.7 15 31
-392.7 15 32
-392.7 15 33
-392.7 15 34
-392.7 15 35
-392.7 15 36
-392.7 15 37
-392.7 15 38
-392.7 15 39
-392.7 15 40
-392.7 15 41
-392.7 15 42
-392.7 15 43
-392.7 15 44
-392.7 15 45
-392.7 15 46
-392.7 15 47
-392.7 15 48
-392.7 15 49
-392.7 15 50
-392.7 15 51
-392.7 15 52
-392.7 15 53
-392.7 15 54
-392.7 15 55
-392.7 15 56
-392.7 15 57
-392.7 15 58
-392.7 15 59
-392.7 15 60
-392.7 15 61
-392.7 15 62
-392.7 15 63
-392.7 15 64
-392.7 15 65
-392.7 15 66
-392.7 15 67
-392.7 15 68
-392.7 15 69
-392.7 15 70
-392.7 15 71
-392.7 15 72
-392.7 15 73
-392.7 15 74
-392.7 15 75
-392.7 15 76
-392.7 15 77
-392.7 15 78
-392.7 15 79
-392.7 15 80
-392.7 15 81
-392.7 15 82
-392.7 15 83
-392.7 15 84
-392.7 15 85
-392.7 15 86
-392.7 15 87
-392.7 15 88
-392.7 15 89
-392.7 15 90
-392.7 15 91
-392.7 15 92
-392.7 15 93
-392.7 15 94
-392.7 15 95
-392.7 15 96
-392.7 15 97
-392.7 15 98
-392.7 15 99
-392.7 15 100
-392.8 16 1
-392.7 16 2
-392.7 16 3
-392.7 16 4
-392.7 16 5
-392.7 16 6
-392.7 16 7
-392.7 16 8
-392.7 16 9
-392.7 16 10
-392.7 16 11
-392.7 16 12
-392.7 16 13
-392.7 16 14
-392.7 16 15
-392.7 16 16
-392.7 16 17
-392.7 16 18
-392.7 16 19
-392.7 16 20
-392.7 16 21
-392.7 16 22
-392.7 16 23
-392.7 16 24
-392.7 16 25
-392.7 16 26
-392.7 16 27
-392.7 16 28
-392.7 16 29
-392.7 16 30
-392.7 16 31
-392.7 16 32
-392.7 16 33
-392.7 16 34
-392.7 16 35
-392.7 16 36
-392.7 16 37
-392.7 16 38
-392.7 16 39
-392.7 16 40
-392.7 16 41
-392.7 16 42
-392.7 16 43
-392.7 16 44
-392.7 16 45
-392.7 16 46
-392.7 16 47
-392.7 16 48
-392.7 16 49
-392.7 16 50
-392.7 16 51
-392.7 16 52
-392.7 16 53
-392.7 16 54
-392.7 16 55
-392.7 16 56
-392.7 16 57
-392.7 16 58
-392.7 16 59
-392.7 16 60
-392.7 16 61
-392.7 16 62
-392.7 16 63
-392.7 16 64
-392.7 16 65
-392.7 16 66
-392.7 16 67
-392.7 16 68
-392.7 16 69
-392.7 16 70
-392.7 16 71
-392.7 16 72
-392.7 16 73
-392.7 16 74
-392.7 16 75
-392.7 16 76
-392.7 16 77
-392.7 16 78
-392.7 16 79
-392.7 16 80
-392.7 16 81
-392.7 16 82
-392.7 16 83
-392.7 16 84
-392.7 16 85
-392.7 16 86
-392.7 16 87
-392.7 16 88
-392.7 16 89
-392.7 16 90
-392.7 16 91
-392.7 16 92
-392.7 16 93
-392.7 16 94
-392.7 16 95
-392.7 16 96
-392.7 16 97
-392.7 16 98
-392.7 16 99
-392.7 16 100
-392.8 17 1
-392.7 17 2
-392.7 17 3
-392.7 17 4
-392.7 17 5
-392.7 17 6
-392.7 17 7
-392.7 17 8
-392.7 17 9
-392.7 17 10
-392.7 17 11
-392.7 17 12
-392.7 17 13
-392.7 17 14
-392.7 17 15
-392.7 17 16
-392.7 17 17
-392.7 17 18
-392.7 17 19
-392.7 17 20
-392.7 17 21
-392.7 17 22
-392.7 17 23
-392.7 17 24
-392.7 17 25
-392.7 17 26
-392.7 17 27
-392.7 17 28
-392.7 17 29
-392.7 17 30
-392.7 17 31
-392.7 17 32
-392.7 17 33
-392.7 17 34
-392.7 17 35
-392.7 17 36
-392.7 17 37
-392.7 17 38
-392.7 17 39
-392.7 17 40
-392.7 17 41
-392.7 17 42
-392.7 17 43
-392.7 17 44
-392.7 17 45
-392.7 17 46
-392.7 17 47
-392.7 17 48
-392.7 17 49
-392.7 17 50
-392.7 17 51
-392.7 17 52
-392.7 17 53
-392.7 17 54
-392.7 17 55
-392.7 17 56
-392.7 17 57
-392.7 17 58
-392.7 17 59
-392.7 17 60
-392.7 17 61
-392.7 17 62
-392.7 17 63
-392.7 17 64
-392.7 17 65
-392.7 17 66
-392.7 17 67
-392.7 17 68
-392.7 17 69
-392.7 17 70
-392.7 17 71
-392.7 17 72
-392.7 17 73
-392.7 17 74
-392.7 17 75
-392.7 17 76
-392.7 17 77
-392.7 17 78
-392.7 17 79
-392.7 17 80
-392.7 17 81
-392.7 17 82
-392.7 17 83
-392.7 17 84
-392.7 17 85
-392.7 17 86
-392.7 17 87
-392.7 17 88
-392.7 17 89
-392.7 17 90
-392.7 17 91
-392.7 17 92
-392.7 17 93
-392.7 17 94
-392.7 17 95
-392.7 17 96
-392.7 17 97
-392.7 17 98
-392.7 17 99
-392.7 17 100
-392.8 18 1
-392.7 18 2
-392.7 18 3
-392.7 18 4
-392.7 18 5
-392.7 18 6
-392.7 18 7
-392.7 18 8
-392.7 18 9
-392.7 18 10
-392.7 18 11
-392.7 18 12
-392.7 18 13
-392.7 18 14
-392.7 18 15
-392.7 18 16
-392.7 18 17
-392.7 18 18
-392.7 18 19
-392.7 18 20
-392.7 18 21
-392.7 18 22
-392.7 18 23
-392.7 18 24
-392.7 18 25
-392.7 18 26
-392.7 18 27
-392.7 18 28
-392.7 18 29
-392.7 18 30
-392.7 18 31
-392.7 18 32
-392.7 18 33
-392.7 18 34
-392.7 18 35
-392.7 18 36
-392.7 18 37
-392.7 18 38
-392.7 18 39
-392.7 18 40
-392.7 18 41
-392.7 18 42
-392.7 18 43
-392.7 18 44
-392.7 18 45
-392.7 18 46
-392.7 18 47
-392.7 18 48
-392.7 18 49
-392.7 18 50
-392.7 18 51
-392.7 18 52
-392.7 18 53
-392.7 18 54
-392.7 18 55
-392.7 18 56
-392.7 18 57
-392.7 18 58
-392.7 18 59
-392.7 18 60
-392.7 18 61
-392.7 18 62
-392.7 18 63
-392.7 18 64
-392.7 18 65
-392.7 18 66
-392.7 18 67
-392.7 18 68
-392.7 18 69
-392.7 18 70
-392.7 18 71
-392.7 18 72
-392.7 18 73
-392.7 18 74
-392.7 18 75
-392.7 18 76
-392.7 18 77
-392.7 18 78
-392.7 18 79
-392.7 18 80
-392.7 18 81
-392.7 18 82
-392.7 18 83
-392.7 18 84
-392.7 18 85
-392.7 18 86
-392.7 18 87
-392.7 18 88
-392.7 18 89
-392.7 18 90
-392.7 18 91
-392.7 18 92
-392.7 18 93
-392.7 18 94
-392.7 18 95
-392.7 18 96
-392.7 18 97
-392.7 18 98
-392.7 18 99
-392.7 18 100
-392.8 19 1
-392.7 19 2
-392.7 19 3
-392.7 19 4
-392.7 19 5
-392.7 19 6
-392.7 19 7
-392.7 19 8
-392.7 19 9
-392.7 19 10
-392.7 19 11
-392.7 19 12
-392.7 19 13
-392.7 19 14
-392.7 19 15
-392.7 19 16
-392.7 19 17
-392.7 19 18
-392.7 19 19
-392.7 19 20
-392.7 19 21
-392.7 19 22
-392.7 19 23
-392.7 19 24
-392.7 19 25
-392.7 19 26
-392.7 19 27
-392.7 19 28
-392.7 19 29
-392.7 19 30
-392.7 19 31
-392.7 19 32
-392.7 19 33
-392.7 19 34
-392.7 19 35
-392.7 19 36
-392.7 19 37
-392.7 19 38
-392.7 19 39
-392.7 19 40
-392.7 19 41
-392.7 19 42
-392.7 19 43
-392.7 19 44
-392.7 19 45
-392.7 19 46
-392.7 19 47
-392.7 19 48
-392.7 19 49
-392.7 19 50
-392.7 19 51
-392.7 19 52
-392.7 19 53
-392.7 19 54
-392.7 19 55
-392.7 19 56
-392.7 19 57
-392.7 19 58
-392.7 19 59
-392.7 19 60
-392.7 19 61
-392.7 19 62
-392.7 19 63
-392.7 19 64
-392.7 19 65
-392.7 19 66
-392.7 19 67
-392.7 19 68
-392.7 19 69
-392.7 19 70
-392.7 19 71
-392.7 19 72
-392.7 19 73
-392.7 19 74
-392.7 19 75
-392.7 19 76
-392.7 19 77
-392.7 19 78
-392.7 19 79
-392.7 19 80
-392.7 19 81
-392.7 19 82
-392.7 19 83
-392.7 19 84
-392.7 19 85
-392.7 19 86
-392.7 19 87
-392.7 19 88
-392.7 19 89
-392.7 19 90
-392.7 19 91
-392.7 19 92
-392.7 19 93
-392.7 19 94
-392.7 19 95
-392.7 19 96
-392.7 19 97
-392.7 19 98
-392.7 19 99
-392.7 19 100
-392.8 20 1
-392.7 20 2
-392.7 20 3
-392.7 20 4
-392.7 20 5
-392.7 20 6
-392.7 20 7
-392.7 20 8
-392.7 20 9
-392.7 20 10
-392.7 20 11
-392.7 20 12
-392.7 20 13
-392.7 20 14
-392.7 20 15
-392.7 20 16
-392.7 20 17
-392.7 20 18
-392.7 20 19
-392.7 20 20
-392.7 20 21
-392.7 20 22
-392.7 20 23
-392.7 20 24
-392.7 20 25
-392.7 20 26
-392.7 20 27
-392.7 20 28
-392.7 20 29
-392.7 20 30
-392.7 20 31
-392.7 20 32
-392.7 20 33
-392.7 20 34
-392.7 20 35
-392.7 20 36
-392.7 20 37
-392.7 20 38
-392.7 20 39
-392.7 20 40
-392.7 20 41
-392.7 20 42
-392.7 20 43
-392.7 20 44
-392.7 20 45
-392.7 20 46
-392.7 20 47
-392.7 20 48
-392.7 20 49
-392.7 20 50
-392.7 20 51
-392.7 20 52
-392.7 20 53
-392.7 20 54
-392.7 20 55
-392.7 20 56
-392.7 20 57
-392.7 20 58
-392.7 20 59
-392.7 20 60
-392.7 20 61
-392.7 20 62
-392.7 20 63
-392.7 20 64
-392.7 20 65
-392.7 20 66
-392.7 20 67
-392.7 20 68
-392.7 20 69
-392.7 20 70
-392.7 20 71
-392.7 20 72
-392.7 20 73
-392.7 20 74
-392.7 20 75
-392.7 20 76
-392.7 20 77
-392.7 20 78
-392.7 20 79
-392.7 20 80
-392.7 20 81
-392.7 20 82
-392.7 20 83
-392.7 20 84
-392.7 20 85
-392.7 20 86
-392.7 20 87
-392.7 20 88
-392.7 20 89
-392.7 20 90
-392.7 20 91
-392.7 20 92
-392.7 20 93
-392.7 20 94
-392.7 20 95
-392.7 20 96
-392.7 20 97
-392.7 20 98
-392.7 20 99
-392.7 20 100
-392.8 21 1
-392.7 21 2
-392.7 21 3
-392.7 21 4
-392.7 21 5
-392.7 21 6
-392.7 21 7
-392.7 21 8
-392.7 21 9
-392.7 21 10
-392.7 21 11
-392.7 21 12
-392.7 21 13
-392.7 21 14
-392.7 21 15
-392.7 21 16
-392.7 21 17
-392.7 21 18
-392.7 21 19
-392.7 21 20
-392.7 21 21
-392.7 21 22
-392.7 21 23
-392.7 21 24
-392.7 21 25
-392.7 21 26
-392.7 21 27
-392.7 21 28
-392.7 21 29
-392.7 21 30
-392.7 21 31
-392.7 21 32
-392.7 21 33
-392.7 21 34
-392.7 21 35
-392.7 21 36
-392.7 21 37
-392.7 21 38
-392.7 21 39
-392.7 21 40
-392.7 21 41
-392.7 21 42
-392.7 21 43
-392.7 21 44
-392.7 21 45
-392.7 21 46
-392.7 21 47
-392.7 21 48
-392.7 21 49
-392.7 21 50
-392.7 21 51
-392.7 21 52
-392.7 21 53
-392.7 21 54
-392.7 21 55
-392.7 21 56
-392.7 21 57
-392.7 21 58
-392.7 21 59
-392.7 21 60
-392.7 21 61
-392.7 21 62
-392.7 21 63
-392.7 21 64
-392.7 21 65
-392.7 21 66
-392.7 21 67
-392.7 21 68
-392.7 21 69
-392.7 21 70
-392.7 21 71
-392.7 21 72
-392.7 21 73
-392.7 21 74
-392.7 21 75
-392.7 21 76
-392.7 21 77
-392.7 21 78
-392.7 21 79
-392.7 21 80
-392.7 21 81
-392.7 21 82
-392.7 21 83
-392.7 21 84
-392.7 21 85
-392.7 21 86
-392.7 21 87
-392.7 21 88
-392.7 21 89
-392.7 21 90
-392.7 21 91
-392.7 21 92
-392.7 21 93
-392.7 21 94
-392.7 21 95
-392.7 21 96
-392.7 21 97
-392.7 21 98
-392.7 21 99
-392.7 21 100
-392.8 22 1
-392.7 22 2
-392.7 22 3
-392.7 22 4
-392.7 22 5
-392.7 22 6
-392.7 22 7
-392.7 22 8
-392.7 22 9
-392.7 22 10
-392.7 22 11
-392.7 22 12
-392.7 22 13
-392.7 22 14
-392.7 22 15
-392.7 22 16
-392.7 22 17
-392.7 22 18
-392.7 22 19
-392.7 22 20
-392.7 22 21
-392.7 22 22
-392.7 22 23
-392.7 22 24
-392.7 22 25
-392.7 22 26
-392.7 22 27
-392.7 22 28
-392.7 22 29
-392.7 22 30
-392.7 22 31
-392.7 22 32
-392.7 22 33
-392.7 22 34
-392.7 22 35
-392.7 22 36
-392.7 22 37
-392.7 22 38
-392.7 22 39
-392.7 22 40
-392.7 22 41
-392.7 22 42
-392.7 22 43
-392.7 22 44
-392.7 22 45
-392.7 22 46
-392.7 22 47
-392.7 22 48
-392.7 22 49
-392.7 22 50
-392.7 22 51
-392.7 22 52
-392.7 22 53
-392.7 22 54
-392.7 22 55
-392.7 22 56
-392.7 22 57
-392.7 22 58
-392.7 22 59
-392.7 22 60
-392.7 22 61
-392.7 22 62
-392.7 22 63
-392.7 22 64
-392.7 22 65
-392.7 22 66
-392.7 22 67
-392.7 22 68
-392.7 22 69
-392.7 22 70
-392.7 22 71
-392.7 22 72
-392.7 22 73
-392.7 22 74
-392.7 22 75
-392.7 22 76
-392.7 22 77
-392.7 22 78
-392.7 22 79
-392.7 22 80
-392.7 22 81
-392.7 22 82
-392.7 22 83
-392.7 22 84
-392.7 22 85
-392.7 22 86
-392.7 22 87
-392.7 22 88
-392.7 22 89
-392.7 22 90
-392.7 22 91
-392.7 22 92
-392.7 22 93
-392.7 22 94
-392.7 22 95
-392.7 22 96
-392.7 22 97
-392.7 22 98
-392.7 22 99
-392.7 22 100
-392.8 23 1
-392.7 23 2
-392.7 23 3
-392.7 23 4
-392.7 23 5
-392.7 23 6
-392.7 23 7
-392.7 23 8
-392.7 23 9
-392.7 23 10
-392.7 23 11
-392.7 23 12
-392.7 23 13
-392.7 23 14
-392.7 23 15
-392.7 23 16
-392.7 23 17
-392.7 23 18
-392.7 23 19
-392.7 23 20
-392.7 23 21
-392.7 23 22
-392.7 23 23
-392.7 23 24
-392.7 23 25
-392.7 23 26
-392.7 23 27
-392.7 23 28
-392.7 23 29
-392.7 23 30
-392.7 23 31
-392.7 23 32
-392.7 23 33
-392.7 23 34
-392.7 23 35
-392.7 23 36
-392.7 23 37
-392.7 23 38
-392.7 23 39
-392.7 23 40
-392.7 23 41
-392.7 23 42
-392.7 23 43
-392.7 23 44
-392.7 23 45
-392.7 23 46
-392.7 23 47
-392.7 23 48
-392.7 23 49
-392.7 23 50
-392.7 23 51
-392.7 23 52
-392.7 23 53
-392.7 23 54
-392.7 23 55
-392.7 23 56
-392.7 23 57
-392.7 23 58
-392.7 23 59
-392.7 23 60
-392.7 23 61
-392.7 23 62
-392.7 23 63
-392.7 23 64
-392.7 23 65
-392.7 23 66
-392.7 23 67
-392.7 23 68
-392.7 23 69
-392.7 23 70
-392.7 23 71
-392.7 23 72
-392.7 23 73
-392.7 23 74
-392.7 23 75
-392.7 23 76
-392.7 23 77
-392.7 23 78
-392.7 23 79
-392.7 23 80
-392.7 23 81
-392.7 23 82
-392.7 23 83
-392.7 23 84
-392.7 23 85
-392.7 23 86
-392.7 23 87
-392.7 23 88
-392.7 23 89
-392.7 23 90
-392.7 23 91
-392.7 23 92
-392.7 23 93
-392.7 23 94
-392.7 23 95
-392.7 23 96
-392.7 23 97
-392.7 23 98
-392.7 23 99
-392.7 23 100
-392.8 24 1
-392.7 24 2
-392.7 24 3
-392.7 24 4
-392.7 24 5
-392.7 24 6
-392.7 24 7
-392.7 24 8
-392.7 24 9
-392.7 24 10
-392.7 24 11
-392.7 24 12
-392.7 24 13
-392.7 24 14
-392.7 24 15
-392.7 24 16
-392.7 24 17
-392.7 24 18
-392.7 24 19
-392.7 24 20
-392.7 24 21
-392.7 24 22
-392.7 24 23
-392.7 24 24
-392.7 24 25
-392.7 24 26
-392.7 24 27
-392.7 24 28
-392.7 24 29
-392.7 24 30
-392.7 24 31
-392.7 24 32
-392.7 24 33
-392.7 24 34
-392.7 24 35
-392.7 24 36
-392.7 24 37
-392.7 24 38
-392.7 24 39
-392.7 24 40
-392.7 24 41
-392.7 24 42
-392.7 24 43
-392.7 24 44
-392.7 24 45
-392.7 24 46
-392.7 24 47
-392.7 24 48
-392.7 24 49
-392.7 24 50
-392.7 24 51
-392.7 24 52
-392.7 24 53
-392.7 24 54
-392.7 24 55
-392.7 24 56
-392.7 24 57
-392.7 24 58
-392.7 24 59
-392.7 24 60
-392.7 24 61
-392.7 24 62
-392.7 24 63
-392.7 24 64
-392.7 24 65
-392.7 24 66
-392.7 24 67
-392.7 24 68
-392.7 24 69
-392.7 24 70
-392.7 24 71
-392.7 24 72
-392.7 24 73
-392.7 24 74
-392.7 24 75
-392.7 24 76
-392.7 24 77
-392.7 24 78
-392.7 24 79
-392.7 24 80
-392.7 24 81
-392.7 24 82
-392.7 24 83
-392.7 24 84
-392.7 24 85
-392.7 24 86
-392.7 24 87
-392.7 24 88
-392.7 24 89
-392.7 24 90
-392.7 24 91
-392.7 24 92
-392.7 24 93
-392.7 24 94
-392.7 24 95
-392.7 24 96
-392.7 24 97
-392.7 24 98
-392.7 24 99
-392.7 24 100
-392.8 25 1
-392.7 25 2
-392.7 25 3
-392.7 25 4
-392.7 25 5
-392.7 25 6
-392.7 25 7
-392.7 25 8
-392.7 25 9
-392.7 25 10
-392.7 25 11
-392.7 25 12
-392.7 25 13
-392.7 25 14
-392.7 25 15
-392.7 25 16
-392.7 25 17
-392.7 25 18
-392.7 25 19
-392.7 25 20
-392.7 25 21
-392.7 25 22
-392.7 25 23
-392.7 25 24
-392.7 25 25
-392.7 25 26
-392.7 25 27
-392.7 25 28
-392.7 25 29
-392.7 25 30
-392.7 25 31
-392.7 25 32
-392.7 25 33
-392.7 25 34
-392.7 25 35
-392.7 25 36
-392.7 25 37
-392.7 25 38
-392.7 25 39
-392.7 25 40
-392.7 25 41
-392.7 25 42
-392.7 25 43
-392.7 25 44
-392.7 25 45
-392.7 25 46
-392.7 25 47
-392.7 25 48
-392.7 25 49
-392.7 25 50
-392.7 25 51
-392.7 25 52
-392.7 25 53
-392.7 25 54
-392.7 25 55
-392.7 25 56
-392.7 25 57
-392.7 25 58
-392.7 25 59
-392.7 25 60
-392.7 25 61
-392.7 25 62
-392.7 25 63
-392.7 25 64
-392.7 25 65
-392.7 25 66
-392.7 25 67
-392.7 25 68
-392.7 25 69
-392.7 25 70
-392.7 25 71
-392.7 25 72
-392.7 25 73
-392.7 25 74
-392.7 25 75
-392.7 25 76
-392.7 25 77
-392.7 25 78
-392.7 25 79
-392.7 25 80
-392.7 25 81
-392.7 25 82
-392.7 25 83
-392.7 25 84
-392.7 25 85
-392.7 25 86
-392.7 25 87
-392.7 25 88
-392.7 25 89
-392.7 25 90
-392.7 25 91
-392.7 25 92
-392.7 25 93
-392.7 25 94
-392.7 25 95
-392.7 25 96
-392.7 25 97
-392.7 25 98
-392.7 25 99
-392.7 25 100
-392.8 26 1
-392.7 26 2
-392.7 26 3
-392.7 26 4
-392.7 26 5
-392.7 26 6
-392.7 26 7
-392.7 26 8
-392.7 26 9
-392.7 26 10
-392.7 26 11
-392.7 26 12
-392.7 26 13
-392.7 26 14
-392.7 26 15
-392.7 26 16
-392.7 26 17
-392.7 26 18
-392.7 26 19
-392.7 26 20
-392.7 26 21
-392.7 26 22
-392.7 26 23
-392.7 26 24
-392.7 26 25
-392.7 26 26
-392.7 26 27
-392.7 26 28
-392.7 26 29
-392.7 26 30
-392.7 26 31
-392.7 26 32
-392.7 26 33
-392.7 26 34
-392.7 26 35
-392.7 26 36
-392.7 26 37
-392.7 26 38
-392.7 26 39
-392.7 26 40
-392.7 26 41
-392.7 26 42
-392.7 26 43
-392.7 26 44
-392.7 26 45
-392.7 26 46
-392.7 26 47
-392.7 26 48
-392.7 26 49
-392.7 26 50
-392.7 26 51
-392.7 26 52
-392.7 26 53
-392.7 26 54
-392.7 26 55
-392.7 26 56
-392.7 26 57
-392.7 26 58
-392.7 26 59
-392.7 26 60
-392.7 26 61
-392.7 26 62
-392.7 26 63
-392.7 26 64
-392.7 26 65
-392.7 26 66
-392.7 26 67
-392.7 26 68
-392.7 26 69
-392.7 26 70
-392.7 26 71
-392.7 26 72
-392.7 26 73
-392.7 26 74
-392.7 26 75
-392.7 26 76
-392.7 26 77
-392.7 26 78
-392.7 26 79
-392.7 26 80
-392.7 26 81
-392.7 26 82
-392.7 26 83
-392.7 26 84
-392.7 26 85
-392.7 26 86
-392.7 26 87
-392.7 26 88
-392.7 26 89
-392.7 26 90
-392.7 26 91
-392.7 26 92
-392.7 26 93
-392.7 26 94
-392.7 26 95
-392.7 26 96
-392.7 26 97
-392.7 26 98
-392.7 26 99
-392.7 26 100
-392.8 27 1
-392.7 27 2
-392.7 27 3
-392.7 27 4
-392.7 27 5
-392.7 27 6
-392.7 27 7
-392.7 27 8
-392.7 27 9
-392.7 27 10
-392.7 27 11
-392.7 27 12
-392.7 27 13
-392.7 27 14
-392.7 27 15
-392.7 27 16
-392.7 27 17
-392.7 27 18
-392.7 27 19
-392.7 27 20
-392.7 27 21
-392.7 27 22
-392.7 27 23
-392.7 27 24
-392.7 27 25
-392.7 27 26
-392.7 27 27
-392.7 27 28
-392.7 27 29
-392.7 27 30
-392.7 27 31
-392.7 27 32
-392.7 27 33
-392.7 27 34
-392.7 27 35
-392.7 27 36
-392.7 27 37
-392.7 27 38
-392.7 27 39
-392.7 27 40
-392.7 27 41
-392.7 27 42
-392.7 27 43
-392.7 27 44
-392.7 27 45
-392.7 27 46
-392.7 27 47
-392.7 27 48
-392.7 27 49
-392.7 27 50
-392.7 27 51
-392.7 27 52
-392.7 27 53
-392.7 27 54
-392.7 27 55
-392.7 27 56
-392.7 27 57
-392.7 27 58
-392.7 27 59
-392.7 27 60
-392.7 27 61
-392.7 27 62
-392.7 27 63
-392.7 27 64
-392.7 27 65
-392.7 27 66
-392.7 27 67
-392.7 27 68
-392.7 27 69
-392.7 27 70
-392.7 27 71
-392.7 27 72
-392.7 27 73
-392.7 27 74
-392.7 27 75
-392.7 27 76
-392.7 27 77
-392.7 27 78
-392.7 27 79
-392.7 27 80
-392.7 27 81
-392.7 27 82
-392.7 27 83
-392.7 27 84
-392.7 27 85
-392.7 27 86
-392.7 27 87
-392.7 27 88
-392.7 27 89
-392.7 27 90
-392.7 27 91
-392.7 27 92
-392.7 27 93
-392.7 27 94
-392.7 27 95
-392.7 27 96
-392.7 27 97
-392.7 27 98
-392.7 27 99
-392.7 27 100
-392.8 28 1
-392.7 28 2
-392.7 28 3
-392.7 28 4
-392.7 28 5
-392.7 28 6
-392.7 28 7
-392.7 28 8
-392.7 28 9
-392.7 28 10
-392.7 28 11
-392.7 28 12
-392.7 28 13
-392.7 28 14
-392.7 28 15
-392.7 28 16
-392.7 28 17
-392.7 28 18
-392.7 28 19
-392.7 28 20
-392.7 28 21
-392.7 28 22
-392.7 28 23
-392.7 28 24
-392.7 28 25
-392.7 28 26
-392.7 28 27
-392.7 28 28
-392.7 28 29
-392.7 28 30
-392.7 28 31
-392.7 28 32
-392.7 28 33
-392.7 28 34
-392.7 28 35
-392.7 28 36
-392.7 28 37
-392.7 28 38
-392.7 28 39
-392.7 28 40
-392.7 28 41
-392.7 28 42
-392.7 28 43
-392.7 28 44
-392.7 28 45
-392.7 28 46
-392.7 28 47
-392.7 28 48
-392.7 28 49
-392.7 28 50
-392.7 28 51
-392.7 28 52
-392.7 28 53
-392.7 28 54
-392.7 28 55
-392.7 28 56
-392.7 28 57
-392.7 28 58
-392.7 28 59
-392.7 28 60
-392.7 28 61
-392.7 28 62
-392.7 28 63
-392.7 28 64
-392.7 28 65
-392.7 28 66
-392.7 28 67
-392.7 28 68
-392.7 28 69
-392.7 28 70
-392.7 28 71
-392.7 28 72
-392.7 28 73
-392.7 28 74
-392.7 28 75
-392.7 28 76
-392.7 28 77
-392.7 28 78
-392.7 28 79
-392.7 28 80
-392.7 28 81
-392.7 28 82
-392.7 28 83
-392.7 28 84
-392.7 28 85
-392.7 28 86
-392.7 28 87
-392.7 28 88
-392.7 28 89
-392.7 28 90
-392.7 28 91
-392.7 28 92
-392.7 28 93
-392.7 28 94
-392.7 28 95
-392.7 28 96
-392.7 28 97
-392.7 28 98
-392.7 28 99
-392.7 28 100
-392.8 29 1
-392.7 29 2
-392.7 29 3
-392.7 29 4
-392.7 29 5
-392.7 29 6
-392.7 29 7
-392.7 29 8
-392.7 29 9
-392.7 29 10
-392.7 29 11
-392.7 29 12
-392.7 29 13
-392.7 29 14
-392.7 29 15
-392.7 29 16
-392.7 29 17
-392.7 29 18
-392.7 29 19
-392.7 29 20
-392.7 29 21
-392.7 29 22
-392.7 29 23
-392.7 29 24
-392.7 29 25
-392.7 29 26
-392.7 29 27
-392.7 29 28
-392.7 29 29
-392.7 29 30
-392.7 29 31
-392.7 29 32
-392.7 29 33
-392.7 29 34
-392.7 29 35
-392.7 29 36
-392.7 29 37
-392.7 29 38
-392.7 29 39
-392.7 29 40
-392.7 29 41
-392.7 29 42
-392.7 29 43
-392.7 29 44
-392.7 29 45
-392.7 29 46
-392.7 29 47
-392.7 29 48
-392.7 29 49
-392.7 29 50
-392.7 29 51
-392.7 29 52
-392.7 29 53
-392.7 29 54
-392.7 29 55
-392.7 29 56
-392.7 29 57
-392.7 29 58
-392.7 29 59
-392.7 29 60
-392.7 29 61
-392.7 29 62
-392.7 29 63
-392.7 29 64
-392.7 29 65
-392.7 29 66
-392.7 29 67
-392.7 29 68
-392.7 29 69
-392.7 29 70
-392.7 29 71
-392.7 29 72
-392.7 29 73
-392.7 29 74
-392.7 29 75
-392.7 29 76
-392.7 29 77
-392.7 29 78
-392.7 29 79
-392.7 29 80
-392.7 29 81
-392.7 29 82
-392.7 29 83
-392.7 29 84
-392.7 29 85
-392.7 29 86
-392.7 29 87
-392.7 29 88
-392.7 29 89
-392.7 29 90
-392.7 29 91
-392.7 29 92
-392.7 29 93
-392.7 29 94
-392.7 29 95
-392.7 29 96
-392.7 29 97
-392.7 29 98
-392.7 29 99
-392.7 29 100
-392.8 30 1
-392.7 30 2
-392.7 30 3
-392.7 30 4
-392.7 30 5
-392.7 30 6
-392.7 30 7
-392.7 30 8
-392.7 30 9
-392.7 30 10
-392.7 30 11
-392.7 30 12
-392.7 30 13
-392.7 30 14
-392.7 30 15
-392.7 30 16
-392.7 30 17
-392.7 30 18
-392.7 30 19
-392.7 30 20
-392.7 30 21
-392.7 30 22
-392.7 30 23
-392.7 30 24
-392.7 30 25
-392.7 30 26
-392.7 30 27
-392.7 30 28
-392.7 30 29
-392.7 30 30
-392.7 30 31
-392.7 30 32
-392.7 30 33
-392.7 30 34
-392.7 30 35
-392.7 30 36
-392.7 30 37
-392.7 30 38
-392.7 30 39
-392.7 30 40
-392.7 30 41
-392.7 30 42
-392.7 30 43
-392.7 30 44
-392.7 30 45
-392.7 30 46
-392.7 30 47
-392.7 30 48
-392.7 30 49
-392.7 30 50
-392.7 30 51
-392.7 30 52
-392.7 30 53
-392.7 30 54
-392.7 30 55
-392.7 30 56
-392.7 30 57
-392.7 30 58
-392.7 30 59
-392.7 30 60
-392.7 30 61
-392.7 30 62
-392.7 30 63
-392.7 30 64
-392.7 30 65
-392.7 30 66
-392.7 30 67
-392.7 30 68
-392.7 30 69
-392.7 30 70
-392.7 30 71
-392.7 30 72
-392.7 30 73
-392.7 30 74
-392.7 30 75
-392.7 30 76
-392.7 30 77
-392.7 30 78
-392.7 30 79
-392.7 30 80
-392.7 30 81
-392.7 30 82
-392.7 30 83
-392.7 30 84
-392.7 30 85
-392.7 30 86
-392.7 30 87
-392.7 30 88
-392.7 30 89
-392.7 30 90
-392.7 30 91
-392.7 30 92
-392.7 30 93
-392.7 30 94
-392.7 30 95
-392.7 30 96
-392.7 30 97
-392.7 30 98
-392.7 30 99
-392.7 30 100
-392.5 1 1
-371.8 1 2
-392.6 1 3
-369.0 1 4
-378.0 1 5
-364.5 1 6
-389.3 1 7
-387.9 1 8
-372.5 1 9
-375.1 1 10
-354.2 1 11
-390.1 1 12
-380.3 1 13
-388.5 1 14
-367.8 1 15
-388.1 1 16
-389.1 1 17
-389.1 1 18
-383.7 1 19
-387.1 1 20
-373.7 1 21
-390.5 1 22
-392.6 1 23
-379.1 1 24
-392.5 1 25
-360.8 1 26
-379.0 1 27
-375.3 1 28
-388.6 1 29
-380.4 1 30
-380.0 1 31
-367.6 1 32
-373.2 1 33
-384.6 1 34
-382.5 1 35
-388.5 1 36
-373.5 1 37
-377.5 1 38
-384.7 1 39
-373.0 1 40
-386.5 1 41
-387.1 1 42
-389.3 1 43
-364.0 1 44
-383.9 1 45
-383.0 1 46
-384.6 1 47
-383.4 1 48
-392.6 1 49
-383.5 1 50
-372.9 1 51
-390.6 1 52
-390.6 1 53
-384.9 1 54
-374.9 1 55
-377.6 1 56
-375.5 1 57
-385.6 1 58
-381.5 1 59
-386.2 1 60
-390.5 1 61
-391.3 1 62
-355.4 1 63
-379.1 1 64
-388.6 1 65
-391.7 1 66
-389.0 1 67
-368.3 1 68
-388.5 1 69
-388.0 1 70
-386.1 1 71
-378.7 1 72
-390.3 1 73
-390.2 1 74
-391.9 1 75
-390.9 1 76
-386.8 1 77
-389.8 1 78
-372.6 1 79
-384.4 1 80
-387.0 1 81
-386.9 1 82
-384.1 1 83
-387.9 1 84
-376.9 1 85
-355.9 1 86
-387.6 1 87
-379.8 1 88
-366.1 1 89
-386.4 1 90
-387.8 1 91
-374.8 1 92
-385.6 1 93
-372.7 1 94
-378.4 1 95
-386.5 1 96
-369.1 1 97
-377.5 1 98
-372.2 1 99
-376.7 1 100
-392.7 2 1
-392.7 2 2
-392.7 2 3
-392.7 2 4
-392.7 2 5
-392.7 2 6
-392.7 2 7
-392.6 2 8
-392.6 2 9
-392.6 2 10
-392.6 2 11
-392.6 2 12
-392.6 2 13
-392.6 2 14
-392.5 2 15
-392.5 2 16
-392.5 2 17
-392.2 2 18
-392.1 2 19
-392.1 2 20
-392.1 2 21
-392.0 2 22
-392.0 2 23
-391.9 2 24
-391.9 2 25
-391.9 2 26
-391.7 2 27
-391.3 2 28
-391.3 2 29
-391.1 2 30
-391.0 2 31
-390.9 2 32
-390.8 2 33
-390.8 2 34
-390.8 2 35
-390.8 2 36
-390.8 2 37
-390.6 2 38
-390.6 2 39
-390.5 2 40
-390.5 2 41
-390.5 2 42
-390.4 2 43
-390.4 2 44
-390.3 2 45
-390.3 2 46
-390.3 2 47
-390.3 2 48
-390.2 2 49
-390.2 2 50
-390.2 2 51
-390.1 2 52
-390.1 2 53
-390.1 2 54
-390.1 2 55
-390.1 2 56
-390.1 2 57
-390.1 2 58
-390.0 2 59
-389.9 2 60
-389.8 2 61
-389.8 2 62
-389.8 2 63
-389.7 2 64
-391.3 2 65
-389.5 2 66
-389.5 2 67
-389.3 2 68
-389.3 2 69
-389.3 2 70
-389.2 2 71
-389.1 2 72
-389.1 2 73
-389.1 2 74
-389.1 2 75
-389.1 2 76
-389.1 2 77
-389.1 2 78
-388.9 2 79
-388.9 2 80
-388.9 2 81
-388.8 2 82
-388.7 2 83
-388.6 2 84
-388.7 2 85
-388.6 2 86
-388.6 2 87
-388.6 2 88
-388.5 2 89
-388.5 2 90
-388.5 2 91
-388.3 2 92
-388.3 2 93
-388.2 2 94
-388.2 2 95
-388.1 2 96
-388.1 2 97
-388.0 2 98
-388.0 2 99
-387.9 2 100
-392.7 3 1
-392.7 3 2
-392.7 3 3
-392.7 3 4
-392.7 3 5
-392.7 3 6
-392.7 3 7
-392.7 3 8
-392.7 3 9
-392.7 3 10
-392.7 3 11
-392.7 3 12
-392.7 3 13
-392.7 3 14
-392.7 3 15
-392.7 3 16
-392.7 3 17
-392.7 3 18
-392.7 3 19
-392.6 3 20
-392.6 3 21
-392.6 3 22
-392.6 3 23
-392.6 3 24
-392.6 3 25
-392.6 3 26
-392.6 3 27
-392.6 3 28
-392.6 3 29
-392.6 3 30
-392.6 3 31
-392.6 3 32
-392.6 3 33
-392.6 3 34
-392.5 3 35
-392.5 3 36
-392.5 3 37
-392.5 3 38
-392.5 3 39
-392.5 3 40
-392.2 3 41
-392.2 3 42
-392.1 3 43
-392.1 3 44
-392.1 3 45
-392.1 3 46
-392.0 3 47
-392.0 3 48
-392.0 3 49
-391.9 3 50
-391.9 3 51
-391.9 3 52
-391.9 3 53
-391.9 3 54
-391.9 3 55
-391.9 3 56
-391.9 3 57
-391.9 3 58
-391.9 3 59
-391.9 3 60
-391.7 3 61
-392.6 3 62
-392.5 3 63
-391.4 3 64
-391.3 3 65
-391.6 3 66
-391.3 3 67
-391.3 3 68
-391.3 3 69
-391.2 3 70
-391.1 3 71
-391.1 3 72
-391.1 3 73
-391.0 3 74
-391.0 3 75
-390.9 3 76
-390.8 3 77
-390.8 3 78
-390.8 3 79
-390.8 3 80
-390.8 3 81
-390.8 3 82
-390.7 3 83
-390.6 3 84
-390.6 3 85
-390.6 3 86
-390.5 3 87
-390.5 3 88
-390.5 3 89
-390.5 3 90
-390.4 3 91
-390.4 3 92
-390.4 3 93
-390.4 3 94
-390.3 3 95
-390.3 3 96
-390.3 3 97
-390.3 3 98
-390.3 3 99
-390.2 3 100
-392.7 4 1
-392.7 4 2
-392.7 4 3
-392.7 4 4
-392.7 4 5
-392.7 4 6
-392.7 4 7
-392.7 4 8
-392.7 4 9
-392.7 4 10
-392.7 4 11
-392.7 4 12
-392.7 4 13
-392.7 4 14
-392.7 4 15
-392.7 4 16
-392.7 4 17
-392.7 4 18
-392.7 4 19
-392.7 4 20
-392.7 4 21
-392.7 4 22
-392.7 4 23
-392.7 4 24
-392.7 4 25
-392.7 4 26
-392.7 4 27
-392.7 4 28
-392.7 4 29
-392.7 4 30
-392.7 4 31
-392.7 4 32
-392.6 4 33
-392.6 4 34
-392.6 4 35
-392.6 4 36
-392.6 4 37
-392.6 4 38
-392.6 4 39
-392.6 4 40
-392.6 4 41
-392.6 4 42
-392.6 4 43
-392.6 4 44
-392.6 4 45
-392.6 4 46
-392.6 4 47
-392.6 4 48
-392.6 4 49
-392.6 4 50
-392.6 4 51
-392.6 4 52
-392.6 4 53
-392.6 4 54
-392.6 4 55
-392.6 4 56
-392.6 4 57
-392.6 4 58
-392.6 4 59
-392.6 4 60
-392.5 4 61
-392.5 4 62
-392.5 4 63
-392.5 4 64
-392.5 4 65
-392.5 4 66
-392.5 4 67
-392.5 4 68
-392.5 4 69
-392.5 4 70
-392.5 4 71
-392.5 4 72
-392.5 4 73
-392.5 4 74
-392.5 4 75
-392.3 4 76
-392.2 4 77
-392.2 4 78
-392.2 4 79
-392.1 4 80
-392.1 4 81
-392.1 4 82
-392.1 4 83
-392.1 4 84
-392.0 4 85
-392.0 4 86
-392.0 4 87
-392.0 4 88
-392.0 4 89
-391.9 4 90
-391.9 4 91
-391.9 4 92
-391.9 4 93
-391.9 4 94
-391.9 4 95
-391.9 4 96
-391.9 4 97
-391.9 4 98
-391.9 4 99
-391.9 4 100
-392.7 5 1
-392.7 5 2
-392.7 5 3
-392.7 5 4
-392.7 5 5
-392.7 5 6
-392.7 5 7
-392.7 5 8
-392.7 5 9
-392.7 5 10
-392.7 5 11
-392.7 5 12
-392.7 5 13
-392.7 5 14
-392.7 5 15
-392.7 5 16
-392.7 5 17
-392.7 5 18
-392.7 5 19
-392.7 5 20
-392.7 5 21
-392.7 5 22
-392.7 5 23
-392.7 5 24
-392.7 5 25
-392.7 5 26
-392.7 5 27
-392.7 5 28
-392.7 5 29
-392.7 5 30
-392.7 5 31
-392.7 5 32
-392.7 5 33
-392.7 5 34
-392.7 5 35
-392.7 5 36
-392.7 5 37
-392.7 5 38
-392.7 5 39
-392.7 5 40
-392.7 5 41
-392.7 5 42
-392.7 5 43
-392.7 5 44
-392.7 5 45
-392.6 5 46
-392.6 5 47
-392.6 5 48
-392.6 5 49
-392.6 5 50
-392.6 5 51
-392.6 5 52
-392.6 5 53
-392.6 5 54
-392.6 5 55
-392.6 5 56
-392.6 5 57
-392.6 5 58
-392.6 5 59
-392.6 5 60
-392.6 5 61
-392.6 5 62
-392.6 5 63
-392.6 5 64
-392.6 5 65
-392.6 5 66
-392.6 5 67
-392.6 5 68
-392.6 5 69
-392.6 5 70
-392.6 5 71
-392.6 5 72
-392.6 5 73
-392.6 5 74
-392.6 5 75
-392.6 5 76
-392.6 5 77
-392.6 5 78
-392.6 5 79
-392.6 5 80
-392.6 5 81
-392.6 5 82
-392.6 5 83
-392.5 5 84
-392.5 5 85
-392.5 5 86
-392.5 5 87
-392.5 5 88
-392.5 5 89
-392.5 5 90
-392.5 5 91
-392.5 5 92
-392.5 5 93
-392.5 5 94
-392.5 5 95
-392.5 5 96
-392.5 5 97
-392.5 5 98
-392.5 5 99
-392.5 5 100
-392.8 6 1
-392.7 6 2
-392.7 6 3
-392.7 6 4
-392.7 6 5
-392.7 6 6
-392.7 6 7
-392.7 6 8
-392.7 6 9
-392.7 6 10
-392.7 6 11
-392.7 6 12
-392.7 6 13
-392.7 6 14
-392.7 6 15
-392.7 6 16
-392.7 6 17
-392.7 6 18
-392.7 6 19
-392.7 6 20
-392.7 6 21
-392.7 6 22
-392.7 6 23
-392.7 6 24
-392.7 6 25
-392.7 6 26
-392.7 6 27
-392.7 6 28
-392.7 6 29
-392.7 6 30
-392.7 6 31
-392.7 6 32
-392.7 6 33
-392.7 6 34
-392.7 6 35
-392.7 6 36
-392.7 6 37
-392.7 6 38
-392.7 6 39
-392.7 6 40
-392.7 6 41
-392.7 6 42
-392.7 6 43
-392.7 6 44
-392.7 6 45
-392.7 6 46
-392.7 6 47
-392.7 6 48
-392.7 6 49
-392.7 6 50
-392.7 6 51
-392.7 6 52
-392.7 6 53
-392.7 6 54
-392.7 6 55
-392.7 6 56
-392.7 6 57
-392.7 6 58
-392.7 6 59
-392.7 6 60
-392.7 6 61
-392.7 6 62
-392.7 6 63
-392.7 6 64
-392.6 6 65
-392.6 6 66
-392.6 6 67
-392.6 6 68
-392.6 6 69
-392.6 6 70
-392.6 6 71
-392.6 6 72
-392.6 6 73
-392.6 6 74
-392.6 6 75
-392.6 6 76
-392.6 6 77
-392.6 6 78
-392.6 6 79
-392.6 6 80
-392.6 6 81
-392.6 6 82
-392.6 6 83
-392.6 6 84
-392.6 6 85
-392.6 6 86
-392.6 6 87
-392.6 6 88
-392.6 6 89
-392.6 6 90
-392.6 6 91
-392.6 6 92
-392.6 6 93
-392.6 6 94
-392.6 6 95
-392.6 6 96
-392.6 6 97
-392.6 6 98
-392.6 6 99
-392.6 6 100
-392.8 7 1
-392.7 7 2
-392.7 7 3
-392.7 7 4
-392.7 7 5
-392.7 7 6
-392.7 7 7
-392.7 7 8
-392.7 7 9
-392.7 7 10
-392.7 7 11
-392.7 7 12
-392.7 7 13
-392.7 7 14
-392.7 7 15
-392.7 7 16
-392.7 7 17
-392.7 7 18
-392.7 7 19
-392.7 7 20
-392.7 7 21
-392.7 7 22
-392.7 7 23
-392.7 7 24
-392.7 7 25
-392.7 7 26
-392.7 7 27
-392.7 7 28
-392.7 7 29
-392.7 7 30
-392.7 7 31
-392.7 7 32
-392.7 7 33
-392.7 7 34
-392.7 7 35
-392.7 7 36
-392.7 7 37
-392.7 7 38
-392.7 7 39
-392.7 7 40
-392.7 7 41
-392.7 7 42
-392.7 7 43
-392.7 7 44
-392.7 7 45
-392.7 7 46
-392.7 7 47
-392.7 7 48
-392.7 7 49
-392.7 7 50
-392.7 7 51
-392.7 7 52
-392.7 7 53
-392.7 7 54
-392.7 7 55
-392.7 7 56
-392.7 7 57
-392.7 7 58
-392.7 7 59
-392.7 7 60
-392.7 7 61
-392.7 7 62
-392.7 7 63
-392.7 7 64
-392.7 7 65
-392.7 7 66
-392.7 7 67
-392.7 7 68
-392.7 7 69
-392.7 7 70
-392.7 7 71
-392.7 7 72
-392.7 7 73
-392.7 7 74
-392.7 7 75
-392.7 7 76
-392.7 7 77
-392.7 7 78
-392.7 7 79
-392.7 7 80
-392.7 7 81
-392.7 7 82
-392.7 7 83
-392.7 7 84
-392.7 7 85
-392.7 7 86
-392.6 7 87
-392.6 7 88
-392.6 7 89
-392.6 7 90
-392.6 7 91
-392.6 7 92
-392.6 7 93
-392.6 7 94
-392.6 7 95
-392.6 7 96
-392.6 7 97
-392.6 7 98
-392.6 7 99
-392.6 7 100
-392.8 8 1
-392.7 8 2
-392.7 8 3
-392.7 8 4
-392.7 8 5
-392.7 8 6
-392.7 8 7
-392.7 8 8
-392.7 8 9
-392.7 8 10
-392.7 8 11
-392.7 8 12
-392.7 8 13
-392.7 8 14
-392.7 8 15
-392.7 8 16
-392.7 8 17
-392.7 8 18
-392.7 8 19
-392.7 8 20
-392.7 8 21
-392.7 8 22
-392.7 8 23
-392.7 8 24
-392.7 8 25
-392.7 8 26
-392.7 8 27
-392.7 8 28
-392.7 8 29
-392.7 8 30
-392.7 8 31
-392.7 8 32
-392.7 8 33
-392.7 8 34
-392.7 8 35
-392.7 8 36
-392.7 8 37
-392.7 8 38
-392.7 8 39
-392.7 8 40
-392.7 8 41
-392.7 8 42
-392.7 8 43
-392.7 8 44
-392.7 8 45
-392.7 8 46
-392.7 8 47
-392.7 8 48
-392.7 8 49
-392.7 8 50
-392.7 8 51
-392.7 8 52
-392.7 8 53
-392.7 8 54
-392.7 8 55
-392.7 8 56
-392.7 8 57
-392.7 8 58
-392.7 8 59
-392.7 8 60
-392.7 8 61
-392.7 8 62
-392.7 8 63
-392.7 8 64
-392.7 8 65
-392.7 8 66
-392.7 8 67
-392.7 8 68
-392.7 8 69
-392.7 8 70
-392.7 8 71
-392.7 8 72
-392.7 8 73
-392.7 8 74
-392.7 8 75
-392.7 8 76
-392.7 8 77
-392.7 8 78
-392.7 8 79
-392.7 8 80
-392.7 8 81
-392.7 8 82
-392.7 8 83
-392.7 8 84
-392.7 8 85
-392.7 8 86
-392.7 8 87
-392.7 8 88
-392.7 8 89
-392.7 8 90
-392.7 8 91
-392.7 8 92
-392.7 8 93
-392.7 8 94
-392.7 8 95
-392.7 8 96
-392.7 8 97
-392.7 8 98
-392.7 8 99
-392.7 8 100
-392.8 9 1
-392.7 9 2
-392.7 9 3
-392.7 9 4
-392.7 9 5
-392.7 9 6
-392.7 9 7
-392.7 9 8
-392.7 9 9
-392.7 9 10
-392.7 9 11
-392.7 9 12
-392.7 9 13
-392.7 9 14
-392.7 9 15
-392.7 9 16
-392.7 9 17
-392.7 9 18
-392.7 9 19
-392.7 9 20
-392.7 9 21
-392.7 9 22
-392.7 9 23
-392.7 9 24
-392.7 9 25
-392.7 9 26
-392.7 9 27
-392.7 9 28
-392.7 9 29
-392.7 9 30
-392.7 9 31
-392.7 9 32
-392.7 9 33
-392.7 9 34
-392.7 9 35
-392.7 9 36
-392.7 9 37
-392.7 9 38
-392.7 9 39
-392.7 9 40
-392.7 9 41
-392.7 9 42
-392.7 9 43
-392.7 9 44
-392.7 9 45
-392.7 9 46
-392.7 9 47
-392.7 9 48
-392.7 9 49
-392.7 9 50
-392.7 9 51
-392.7 9 52
-392.7 9 53
-392.7 9 54
-392.7 9 55
-392.7 9 56
-392.7 9 57
-392.7 9 58
-392.7 9 59
-392.7 9 60
-392.7 9 61
-392.7 9 62
-392.7 9 63
-392.7 9 64
-392.7 9 65
-392.7 9 66
-392.7 9 67
-392.7 9 68
-392.7 9 69
-392.7 9 70
-392.7 9 71
-392.7 9 72
-392.7 9 73
-392.7 9 74
-392.7 9 75
-392.7 9 76
-392.7 9 77
-392.7 9 78
-392.7 9 79
-392.7 9 80
-392.7 9 81
-392.7 9 82
-392.7 9 83
-392.7 9 84
-392.7 9 85
-392.7 9 86
-392.7 9 87
-392.7 9 88
-392.7 9 89
-392.7 9 90
-392.7 9 91
-392.7 9 92
-392.7 9 93
-392.7 9 94
-392.7 9 95
-392.7 9 96
-392.7 9 97
-392.7 9 98
-392.7 9 99
-392.7 9 100
-392.8 10 1
-392.7 10 2
-392.7 10 3
-392.7 10 4
-392.7 10 5
-392.7 10 6
-392.7 10 7
-392.7 10 8
-392.7 10 9
-392.7 10 10
-392.7 10 11
-392.7 10 12
-392.7 10 13
-392.7 10 14
-392.7 10 15
-392.7 10 16
-392.7 10 17
-392.7 10 18
-392.7 10 19
-392.7 10 20
-392.7 10 21
-392.7 10 22
-392.7 10 23
-392.7 10 24
-392.7 10 25
-392.7 10 26
-392.7 10 27
-392.7 10 28
-392.7 10 29
-392.7 10 30
-392.7 10 31
-392.7 10 32
-392.7 10 33
-392.7 10 34
-392.7 10 35
-392.7 10 36
-392.7 10 37
-392.7 10 38
-392.7 10 39
-392.7 10 40
-392.7 10 41
-392.7 10 42
-392.7 10 43
-392.7 10 44
-392.7 10 45
-392.7 10 46
-392.7 10 47
-392.7 10 48
-392.7 10 49
-392.7 10 50
-392.7 10 51
-392.7 10 52
-392.7 10 53
-392.7 10 54
-392.7 10 55
-392.7 10 56
-392.7 10 57
-392.7 10 58
-392.7 10 59
-392.7 10 60
-392.7 10 61
-392.7 10 62
-392.7 10 63
-392.7 10 64
-392.7 10 65
-392.7 10 66
-392.7 10 67
-392.7 10 68
-392.7 10 69
-392.7 10 70
-392.7 10 71
-392.7 10 72
-392.7 10 73
-392.7 10 74
-392.7 10 75
-392.7 10 76
-392.7 10 77
-392.7 10 78
-392.7 10 79
-392.7 10 80
-392.7 10 81
-392.7 10 82
-392.7 10 83
-392.7 10 84
-392.7 10 85
-392.7 10 86
-392.7 10 87
-392.7 10 88
-392.7 10 89
-392.7 10 90
-392.7 10 91
-392.7 10 92
-392.7 10 93
-392.7 10 94
-392.7 10 95
-392.7 10 96
-392.7 10 97
-392.7 10 98
-392.7 10 99
-392.7 10 100
-392.8 11 1
-392.7 11 2
-392.7 11 3
-392.7 11 4
-392.7 11 5
-392.7 11 6
-392.7 11 7
-392.7 11 8
-392.7 11 9
-392.7 11 10
-392.7 11 11
-392.7 11 12
-392.7 11 13
-392.7 11 14
-392.7 11 15
-392.7 11 16
-392.7 11 17
-392.7 11 18
-392.7 11 19
-392.7 11 20
-392.7 11 21
-392.7 11 22
-392.7 11 23
-392.7 11 24
-392.7 11 25
-392.7 11 26
-392.7 11 27
-392.7 11 28
-392.7 11 29
-392.7 11 30
-392.7 11 31
-392.7 11 32
-392.7 11 33
-392.7 11 34
-392.7 11 35
-392.7 11 36
-392.7 11 37
-392.7 11 38
-392.7 11 39
-392.7 11 40
-392.7 11 41
-392.7 11 42
-392.7 11 43
-392.7 11 44
-392.7 11 45
-392.7 11 46
-392.7 11 47
-392.7 11 48
-392.7 11 49
-392.7 11 50
-392.7 11 51
-392.7 11 52
-392.7 11 53
-392.7 11 54
-392.7 11 55
-392.7 11 56
-392.7 11 57
-392.7 11 58
-392.7 11 59
-392.7 11 60
-392.7 11 61
-392.7 11 62
-392.7 11 63
-392.7 11 64
-392.7 11 65
-392.7 11 66
-392.7 11 67
-392.7 11 68
-392.7 11 69
-392.7 11 70
-392.7 11 71
-392.7 11 72
-392.7 11 73
-392.7 11 74
-392.7 11 75
-392.7 11 76
-392.7 11 77
-392.7 11 78
-392.7 11 79
-392.7 11 80
-392.7 11 81
-392.7 11 82
-392.7 11 83
-392.7 11 84
-392.7 11 85
-392.7 11 86
-392.7 11 87
-392.7 11 88
-392.7 11 89
-392.7 11 90
-392.7 11 91
-392.7 11 92
-392.7 11 93
-392.7 11 94
-392.7 11 95
-392.7 11 96
-392.7 11 97
-392.7 11 98
-392.7 11 99
-392.7 11 100
-392.8 12 1
-392.7 12 2
-392.7 12 3
-392.7 12 4
-392.7 12 5
-392.7 12 6
-392.7 12 7
-392.7 12 8
-392.7 12 9
-392.7 12 10
-392.7 12 11
-392.7 12 12
-392.7 12 13
-392.7 12 14
-392.7 12 15
-392.7 12 16
-392.7 12 17
-392.7 12 18
-392.7 12 19
-392.7 12 20
-392.7 12 21
-392.7 12 22
-392.7 12 23
-392.7 12 24
-392.7 12 25
-392.7 12 26
-392.7 12 27
-392.7 12 28
-392.7 12 29
-392.7 12 30
-392.7 12 31
-392.7 12 32
-392.7 12 33
-392.7 12 34
-392.7 12 35
-392.7 12 36
-392.7 12 37
-392.7 12 38
-392.7 12 39
-392.7 12 40
-392.7 12 41
-392.7 12 42
-392.7 12 43
-392.7 12 44
-392.7 12 45
-392.7 12 46
-392.7 12 47
-392.7 12 48
-392.7 12 49
-392.7 12 50
-392.7 12 51
-392.7 12 52
-392.7 12 53
-392.7 12 54
-392.7 12 55
-392.7 12 56
-392.7 12 57
-392.7 12 58
-392.7 12 59
-392.7 12 60
-392.7 12 61
-392.7 12 62
-392.7 12 63
-392.7 12 64
-392.7 12 65
-392.7 12 66
-392.7 12 67
-392.7 12 68
-392.7 12 69
-392.7 12 70
-392.7 12 71
-392.7 12 72
-392.7 12 73
-392.7 12 74
-392.7 12 75
-392.7 12 76
-392.7 12 77
-392.7 12 78
-392.7 12 79
-392.7 12 80
-392.7 12 81
-392.7 12 82
-392.7 12 83
-392.7 12 84
-392.7 12 85
-392.7 12 86
-392.7 12 87
-392.7 12 88
-392.7 12 89
-392.7 12 90
-392.7 12 91
-392.7 12 92
-392.7 12 93
-392.7 12 94
-392.7 12 95
-392.7 12 96
-392.7 12 97
-392.7 12 98
-392.7 12 99
-392.7 12 100
-392.8 13 1
-392.7 13 2
-392.7 13 3
-392.7 13 4
-392.7 13 5
-392.7 13 6
-392.7 13 7
-392.7 13 8
-392.7 13 9
-392.7 13 10
-392.7 13 11
-392.7 13 12
-392.7 13 13
-392.7 13 14
-392.7 13 15
-392.7 13 16
-392.7 13 17
-392.7 13 18
-392.7 13 19
-392.7 13 20
-392.7 13 21
-392.7 13 22
-392.7 13 23
-392.7 13 24
-392.7 13 25
-392.7 13 26
-392.7 13 27
-392.7 13 28
-392.7 13 29
-392.7 13 30
-392.7 13 31
-392.7 13 32
-392.7 13 33
-392.7 13 34
-392.7 13 35
-392.7 13 36
-392.7 13 37
-392.7 13 38
-392.7 13 39
-392.7 13 40
-392.7 13 41
-392.7 13 42
-392.7 13 43
-392.7 13 44
-392.7 13 45
-392.7 13 46
-392.7 13 47
-392.7 13 48
-392.7 13 49
-392.7 13 50
-392.7 13 51
-392.7 13 52
-392.7 13 53
-392.7 13 54
-392.7 13 55
-392.7 13 56
-392.7 13 57
-392.7 13 58
-392.7 13 59
-392.7 13 60
-392.7 13 61
-392.7 13 62
-392.7 13 63
-392.7 13 64
-392.7 13 65
-392.7 13 66
-392.7 13 67
-392.7 13 68
-392.7 13 69
-392.7 13 70
-392.7 13 71
-392.7 13 72
-392.7 13 73
-392.7 13 74
-392.7 13 75
-392.7 13 76
-392.7 13 77
-392.7 13 78
-392.7 13 79
-392.7 13 80
-392.7 13 81
-392.7 13 82
-392.7 13 83
-392.7 13 84
-392.7 13 85
-392.7 13 86
-392.7 13 87
-392.7 13 88
-392.7 13 89
-392.7 13 90
-392.7 13 91
-392.7 13 92
-392.7 13 93
-392.7 13 94
-392.7 13 95
-392.7 13 96
-392.7 13 97
-392.7 13 98
-392.7 13 99
-392.7 13 100
-392.8 14 1
-392.7 14 2
-392.7 14 3
-392.7 14 4
-392.7 14 5
-392.7 14 6
-392.7 14 7
-392.7 14 8
-392.7 14 9
-392.7 14 10
-392.7 14 11
-392.7 14 12
-392.7 14 13
-392.7 14 14
-392.7 14 15
-392.7 14 16
-392.7 14 17
-392.7 14 18
-392.7 14 19
-392.7 14 20
-392.7 14 21
-392.7 14 22
-392.7 14 23
-392.7 14 24
-392.7 14 25
-392.7 14 26
-392.7 14 27
-392.7 14 28
-392.7 14 29
-392.7 14 30
-392.7 14 31
-392.7 14 32
-392.7 14 33
-392.7 14 34
-392.7 14 35
-392.7 14 36
-392.7 14 37
-392.7 14 38
-392.7 14 39
-392.7 14 40
-392.7 14 41
-392.7 14 42
-392.7 14 43
-392.7 14 44
-392.7 14 45
-392.7 14 46
-392.7 14 47
-392.7 14 48
-392.7 14 49
-392.7 14 50
-392.7 14 51
-392.7 14 52
-392.7 14 53
-392.7 14 54
-392.7 14 55
-392.7 14 56
-392.7 14 57
-392.7 14 58
-392.7 14 59
-392.7 14 60
-392.7 14 61
-392.7 14 62
-392.7 14 63
-392.7 14 64
-392.7 14 65
-392.7 14 66
-392.7 14 67
-392.7 14 68
-392.7 14 69
-392.7 14 70
-392.7 14 71
-392.7 14 72
-392.7 14 73
-392.7 14 74
-392.7 14 75
-392.7 14 76
-392.7 14 77
-392.7 14 78
-392.7 14 79
-392.7 14 80
-392.7 14 81
-392.7 14 82
-392.7 14 83
-392.7 14 84
-392.7 14 85
-392.7 14 86
-392.7 14 87
-392.7 14 88
-392.7 14 89
-392.7 14 90
-392.7 14 91
-392.7 14 92
-392.7 14 93
-392.7 14 94
-392.7 14 95
-392.7 14 96
-392.7 14 97
-392.7 14 98
-392.7 14 99
-392.7 14 100
-392.8 15 1
-392.7 15 2
-392.7 15 3
-392.7 15 4
-392.7 15 5
-392.7 15 6
-392.7 15 7
-392.7 15 8
-392.7 15 9
-392.7 15 10
-392.7 15 11
-392.7 15 12
-392.7 15 13
-392.7 15 14
-392.7 15 15
-392.7 15 16
-392.7 15 17
-392.7 15 18
-392.7 15 19
-392.7 15 20
-392.7 15 21
-392.7 15 22
-392.7 15 23
-392.7 15 24
-392.7 15 25
-392.7 15 26
-392.7 15 27
-392.7 15 28
-392.7 15 29
-392.7 15 30
-392.7 15 31
-392.7 15 32
-392.7 15 33
-392.7 15 34
-392.7 15 35
-392.7 15 36
-392.7 15 37
-392.7 15 38
-392.7 15 39
-392.7 15 40
-392.7 15 41
-392.7 15 42
-392.7 15 43
-392.7 15 44
-392.7 15 45
-392.7 15 46
-392.7 15 47
-392.7 15 48
-392.7 15 49
-392.7 15 50
-392.7 15 51
-392.7 15 52
-392.7 15 53
-392.7 15 54
-392.7 15 55
-392.7 15 56
-392.7 15 57
-392.7 15 58
-392.7 15 59
-392.7 15 60
-392.7 15 61
-392.7 15 62
-392.7 15 63
-392.7 15 64
-392.7 15 65
-392.7 15 66
-392.7 15 67
-392.7 15 68
-392.7 15 69
-392.7 15 70
-392.7 15 71
-392.7 15 72
-392.7 15 73
-392.7 15 74
-392.7 15 75
-392.7 15 76
-392.7 15 77
-392.7 15 78
-392.7 15 79
-392.7 15 80
-392.7 15 81
-392.7 15 82
-392.7 15 83
-392.7 15 84
-392.7 15 85
-392.7 15 86
-392.7 15 87
-392.7 15 88
-392.7 15 89
-392.7 15 90
-392.7 15 91
-392.7 15 92
-392.7 15 93
-392.7 15 94
-392.7 15 95
-392.7 15 96
-392.7 15 97
-392.7 15 98
-392.7 15 99
-392.7 15 100
-392.8 16 1
-392.7 16 2
-392.7 16 3
-392.7 16 4
-392.7 16 5
-392.7 16 6
-392.7 16 7
-392.7 16 8
-392.7 16 9
-392.7 16 10
-392.7 16 11
-392.7 16 12
-392.7 16 13
-392.7 16 14
-392.7 16 15
-392.7 16 16
-392.7 16 17
-392.7 16 18
-392.7 16 19
-392.7 16 20
-392.7 16 21
-392.7 16 22
-392.7 16 23
-392.7 16 24
-392.7 16 25
-392.7 16 26
-392.7 16 27
-392.7 16 28
-392.7 16 29
-392.7 16 30
-392.7 16 31
-392.7 16 32
-392.7 16 33
-392.7 16 34
-392.7 16 35
-392.7 16 36
-392.7 16 37
-392.7 16 38
-392.7 16 39
-392.7 16 40
-392.7 16 41
-392.7 16 42
-392.7 16 43
-392.7 16 44
-392.7 16 45
-392.7 16 46
-392.7 16 47
-392.7 16 48
-392.7 16 49
-392.7 16 50
-392.7 16 51
-392.7 16 52
-392.7 16 53
-392.7 16 54
-392.7 16 55
-392.7 16 56
-392.7 16 57
-392.7 16 58
-392.7 16 59
-392.7 16 60
-392.7 16 61
-392.7 16 62
-392.7 16 63
-392.7 16 64
-392.7 16 65
-392.7 16 66
-392.7 16 67
-392.7 16 68
-392.7 16 69
-392.7 16 70
-392.7 16 71
-392.7 16 72
-392.7 16 73
-392.7 16 74
-392.7 16 75
-392.7 16 76
-392.7 16 77
-392.7 16 78
-392.7 16 79
-392.7 16 80
-392.7 16 81
-392.7 16 82
-392.7 16 83
-392.7 16 84
-392.7 16 85
-392.7 16 86
-392.7 16 87
-392.7 16 88
-392.7 16 89
-392.7 16 90
-392.7 16 91
-392.7 16 92
-392.7 16 93
-392.7 16 94
-392.7 16 95
-392.7 16 96
-392.7 16 97
-392.7 16 98
-392.7 16 99
-392.7 16 100
-392.8 17 1
-392.7 17 2
-392.7 17 3
-392.7 17 4
-392.7 17 5
-392.7 17 6
-392.7 17 7
-392.7 17 8
-392.7 17 9
-392.7 17 10
-392.7 17 11
-392.7 17 12
-392.7 17 13
-392.7 17 14
-392.7 17 15
-392.7 17 16
-392.7 17 17
-392.7 17 18
-392.7 17 19
-392.7 17 20
-392.7 17 21
-392.7 17 22
-392.7 17 23
-392.7 17 24
-392.7 17 25
-392.7 17 26
-392.7 17 27
-392.7 17 28
-392.7 17 29
-392.7 17 30
-392.7 17 31
-392.7 17 32
-392.7 17 33
-392.7 17 34
-392.7 17 35
-392.7 17 36
-392.7 17 37
-392.7 17 38
-392.7 17 39
-392.7 17 40
-392.7 17 41
-392.7 17 42
-392.7 17 43
-392.7 17 44
-392.7 17 45
-392.7 17 46
-392.7 17 47
-392.7 17 48
-392.7 17 49
-392.7 17 50
-392.7 17 51
-392.7 17 52
-392.7 17 53
-392.7 17 54
-392.7 17 55
-392.7 17 56
-392.7 17 57
-392.7 17 58
-392.7 17 59
-392.7 17 60
-392.7 17 61
-392.7 17 62
-392.7 17 63
-392.7 17 64
-392.7 17 65
-392.7 17 66
-392.7 17 67
-392.7 17 68
-392.7 17 69
-392.7 17 70
-392.7 17 71
-392.7 17 72
-392.7 17 73
-392.7 17 74
-392.7 17 75
-392.7 17 76
-392.7 17 77
-392.7 17 78
-392.7 17 79
-392.7 17 80
-392.7 17 81
-392.7 17 82
-392.7 17 83
-392.7 17 84
-392.7 17 85
-392.7 17 86
-392.7 17 87
-392.7 17 88
-392.7 17 89
-392.7 17 90
-392.7 17 91
-392.7 17 92
-392.7 17 93
-392.7 17 94
-392.7 17 95
-392.7 17 96
-392.7 17 97
-392.7 17 98
-392.7 17 99
-392.7 17 100
-392.8 18 1
-392.7 18 2
-392.7 18 3
-392.7 18 4
-392.7 18 5
-392.7 18 6
-392.7 18 7
-392.7 18 8
-392.7 18 9
-392.7 18 10
-392.7 18 11
-392.7 18 12
-392.7 18 13
-392.7 18 14
-392.7 18 15
-392.7 18 16
-392.7 18 17
-392.7 18 18
-392.7 18 19
-392.7 18 20
-392.7 18 21
-392.7 18 22
-392.7 18 23
-392.7 18 24
-392.7 18 25
-392.7 18 26
-392.7 18 27
-392.7 18 28
-392.7 18 29
-392.7 18 30
-392.7 18 31
-392.7 18 32
-392.7 18 33
-392.7 18 34
-392.7 18 35
-392.7 18 36
-392.7 18 37
-392.7 18 38
-392.7 18 39
-392.7 18 40
-392.7 18 41
-392.7 18 42
-392.7 18 43
-392.7 18 44
-392.7 18 45
-392.7 18 46
-392.7 18 47
-392.7 18 48
-392.7 18 49
-392.7 18 50
-392.7 18 51
-392.7 18 52
-392.7 18 53
-392.7 18 54
-392.7 18 55
-392.7 18 56
-392.7 18 57
-392.7 18 58
-392.7 18 59
-392.7 18 60
-392.7 18 61
-392.7 18 62
-392.7 18 63
-392.7 18 64
-392.7 18 65
-392.7 18 66
-392.7 18 67
-392.7 18 68
-392.7 18 69
-392.7 18 70
-392.7 18 71
-392.7 18 72
-392.7 18 73
-392.7 18 74
-392.7 18 75
-392.7 18 76
-392.7 18 77
-392.7 18 78
-392.7 18 79
-392.7 18 80
-392.7 18 81
-392.7 18 82
-392.7 18 83
-392.7 18 84
-392.7 18 85
-392.7 18 86
-392.7 18 87
-392.7 18 88
-392.7 18 89
-392.7 18 90
-392.7 18 91
-392.7 18 92
-392.7 18 93
-392.7 18 94
-392.7 18 95
-392.7 18 96
-392.7 18 97
-392.7 18 98
-392.7 18 99
-392.7 18 100
-392.8 19 1
-392.7 19 2
-392.7 19 3
-392.7 19 4
-392.7 19 5
-392.7 19 6
-392.7 19 7
-392.7 19 8
-392.7 19 9
-392.7 19 10
-392.7 19 11
-392.7 19 12
-392.7 19 13
-392.7 19 14
-392.7 19 15
-392.7 19 16
-392.7 19 17
-392.7 19 18
-392.7 19 19
-392.7 19 20
-392.7 19 21
-392.7 19 22
-392.7 19 23
-392.7 19 24
-392.7 19 25
-392.7 19 26
-392.7 19 27
-392.7 19 28
-392.7 19 29
-392.7 19 30
-392.7 19 31
-392.7 19 32
-392.7 19 33
-392.7 19 34
-392.7 19 35
-392.7 19 36
-392.7 19 37
-392.7 19 38
-392.7 19 39
-392.7 19 40
-392.7 19 41
-392.7 19 42
-392.7 19 43
-392.7 19 44
-392.7 19 45
-392.7 19 46
-392.7 19 47
-392.7 19 48
-392.7 19 49
-392.7 19 50
-392.7 19 51
-392.7 19 52
-392.7 19 53
-392.7 19 54
-392.7 19 55
-392.7 19 56
-392.7 19 57
-392.7 19 58
-392.7 19 59
-392.7 19 60
-392.7 19 61
-392.7 19 62
-392.7 19 63
-392.7 19 64
-392.7 19 65
-392.7 19 66
-392.7 19 67
-392.7 19 68
-392.7 19 69
-392.7 19 70
-392.7 19 71
-392.7 19 72
-392.7 19 73
-392.7 19 74
-392.7 19 75
-392.7 19 76
-392.7 19 77
-392.7 19 78
-392.7 19 79
-392.7 19 80
-392.7 19 81
-392.7 19 82
-392.7 19 83
-392.7 19 84
-392.7 19 85
-392.7 19 86
-392.7 19 87
-392.7 19 88
-392.7 19 89
-392.7 19 90
-392.7 19 91
-392.7 19 92
-392.7 19 93
-392.7 19 94
-392.7 19 95
-392.7 19 96
-392.7 19 97
-392.7 19 98
-392.7 19 99
-392.7 19 100
-392.8 20 1
-392.7 20 2
-392.7 20 3
-392.7 20 4
-392.7 20 5
-392.7 20 6
-392.7 20 7
-392.7 20 8
-392.7 20 9
-392.7 20 10
-392.7 20 11
-392.7 20 12
-392.7 20 13
-392.7 20 14
-392.7 20 15
-392.7 20 16
-392.7 20 17
-392.7 20 18
-392.7 20 19
-392.7 20 20
-392.7 20 21
-392.7 20 22
-392.7 20 23
-392.7 20 24
-392.7 20 25
-392.7 20 26
-392.7 20 27
-392.7 20 28
-392.7 20 29
-392.7 20 30
-392.7 20 31
-392.7 20 32
-392.7 20 33
-392.7 20 34
-392.7 20 35
-392.7 20 36
-392.7 20 37
-392.7 20 38
-392.7 20 39
-392.7 20 40
-392.7 20 41
-392.7 20 42
-392.7 20 43
-392.7 20 44
-392.7 20 45
-392.7 20 46
-392.7 20 47
-392.7 20 48
-392.7 20 49
-392.7 20 50
-392.7 20 51
-392.7 20 52
-392.7 20 53
-392.7 20 54
-392.7 20 55
-392.7 20 56
-392.7 20 57
-392.7 20 58
-392.7 20 59
-392.7 20 60
-392.7 20 61
-392.7 20 62
-392.7 20 63
-392.7 20 64
-392.7 20 65
-392.7 20 66
-392.7 20 67
-392.7 20 68
-392.7 20 69
-392.7 20 70
-392.7 20 71
-392.7 20 72
-392.7 20 73
-392.7 20 74
-392.7 20 75
-392.7 20 76
-392.7 20 77
-392.7 20 78
-392.7 20 79
-392.7 20 80
-392.7 20 81
-392.7 20 82
-392.7 20 83
-392.7 20 84
-392.7 20 85
-392.7 20 86
-392.7 20 87
-392.7 20 88
-392.7 20 89
-392.7 20 90
-392.7 20 91
-392.7 20 92
-392.7 20 93
-392.7 20 94
-392.7 20 95
-392.7 20 96
-392.7 20 97
-392.7 20 98
-392.7 20 99
-392.7 20 100
-392.8 21 1
-392.7 21 2
-392.7 21 3
-392.7 21 4
-392.7 21 5
-392.7 21 6
-392.7 21 7
-392.7 21 8
-392.7 21 9
-392.7 21 10
-392.7 21 11
-392.7 21 12
-392.7 21 13
-392.7 21 14
-392.7 21 15
-392.7 21 16
-392.7 21 17
-392.7 21 18
-392.7 21 19
-392.7 21 20
-392.7 21 21
-392.7 21 22
-392.7 21 23
-392.7 21 24
-392.7 21 25
-392.7 21 26
-392.7 21 27
-392.7 21 28
-392.7 21 29
-392.7 21 30
-392.7 21 31
-392.7 21 32
-392.7 21 33
-392.7 21 34
-392.7 21 35
-392.7 21 36
-392.7 21 37
-392.7 21 38
-392.7 21 39
-392.7 21 40
-392.7 21 41
-392.7 21 42
-392.7 21 43
-392.7 21 44
-392.7 21 45
-392.7 21 46
-392.7 21 47
-392.7 21 48
-392.7 21 49
-392.7 21 50
-392.7 21 51
-392.7 21 52
-392.7 21 53
-392.7 21 54
-392.7 21 55
-392.7 21 56
-392.7 21 57
-392.7 21 58
-392.7 21 59
-392.7 21 60
-392.7 21 61
-392.7 21 62
-392.7 21 63
-392.7 21 64
-392.7 21 65
-392.7 21 66
-392.7 21 67
-392.7 21 68
-392.7 21 69
-392.7 21 70
-392.7 21 71
-392.7 21 72
-392.7 21 73
-392.7 21 74
-392.7 21 75
-392.7 21 76
-392.7 21 77
-392.7 21 78
-392.7 21 79
-392.7 21 80
-392.7 21 81
-392.7 21 82
-392.7 21 83
-392.7 21 84
-392.7 21 85
-392.7 21 86
-392.7 21 87
-392.7 21 88
-392.7 21 89
-392.7 21 90
-392.7 21 91
-392.7 21 92
-392.7 21 93
-392.7 21 94
-392.7 21 95
-392.7 21 96
-392.7 21 97
-392.7 21 98
-392.7 21 99
-392.7 21 100
-392.8 22 1
-392.7 22 2
-392.7 22 3
-392.7 22 4
-392.7 22 5
-392.7 22 6
-392.7 22 7
-392.7 22 8
-392.7 22 9
-392.7 22 10
-392.7 22 11
-392.7 22 12
-392.7 22 13
-392.7 22 14
-392.7 22 15
-392.7 22 16
-392.7 22 17
-392.7 22 18
-392.7 22 19
-392.7 22 20
-392.7 22 21
-392.7 22 22
-392.7 22 23
-392.7 22 24
-392.7 22 25
-392.7 22 26
-392.7 22 27
-392.7 22 28
-392.7 22 29
-392.7 22 30
-392.7 22 31
-392.7 22 32
-392.7 22 33
-392.7 22 34
-392.7 22 35
-392.7 22 36
-392.7 22 37
-392.7 22 38
-392.7 22 39
-392.7 22 40
-392.7 22 41
-392.7 22 42
-392.7 22 43
-392.7 22 44
-392.7 22 45
-392.7 22 46
-392.7 22 47
-392.7 22 48
-392.7 22 49
-392.7 22 50
-392.7 22 51
-392.7 22 52
-392.7 22 53
-392.7 22 54
-392.7 22 55
-392.7 22 56
-392.7 22 57
-392.7 22 58
-392.7 22 59
-392.7 22 60
-392.7 22 61
-392.7 22 62
-392.7 22 63
-392.7 22 64
-392.7 22 65
-392.7 22 66
-392.7 22 67
-392.7 22 68
-392.7 22 69
-392.7 22 70
-392.7 22 71
-392.7 22 72
-392.7 22 73
-392.7 22 74
-392.7 22 75
-392.7 22 76
-392.7 22 77
-392.7 22 78
-392.7 22 79
-392.7 22 80
-392.7 22 81
-392.7 22 82
-392.7 22 83
-392.7 22 84
-392.7 22 85
-392.7 22 86
-392.7 22 87
-392.7 22 88
-392.7 22 89
-392.7 22 90
-392.7 22 91
-392.7 22 92
-392.7 22 93
-392.7 22 94
-392.7 22 95
-392.7 22 96
-392.7 22 97
-392.7 22 98
-392.7 22 99
-392.7 22 100
-392.8 23 1
-392.7 23 2
-392.7 23 3
-392.7 23 4
-392.7 23 5
-392.7 23 6
-392.7 23 7
-392.7 23 8
-392.7 23 9
-392.7 23 10
-392.7 23 11
-392.7 23 12
-392.7 23 13
-392.7 23 14
-392.7 23 15
-392.7 23 16
-392.7 23 17
-392.7 23 18
-392.7 23 19
-392.7 23 20
-392.7 23 21
-392.7 23 22
-392.7 23 23
-392.7 23 24
-392.7 23 25
-392.7 23 26
-392.7 23 27
-392.7 23 28
-392.7 23 29
-392.7 23 30
-392.7 23 31
-392.7 23 32
-392.7 23 33
-392.7 23 34
-392.7 23 35
-392.7 23 36
-392.7 23 37
-392.7 23 38
-392.7 23 39
-392.7 23 40
-392.7 23 41
-392.7 23 42
-392.7 23 43
-392.7 23 44
-392.7 23 45
-392.7 23 46
-392.7 23 47
-392.7 23 48
-392.7 23 49
-392.7 23 50
-392.7 23 51
-392.7 23 52
-392.7 23 53
-392.7 23 54
-392.7 23 55
-392.7 23 56
-392.7 23 57
-392.7 23 58
-392.7 23 59
-392.7 23 60
-392.7 23 61
-392.7 23 62
-392.7 23 63
-392.7 23 64
-392.7 23 65
-392.7 23 66
-392.7 23 67
-392.7 23 68
-392.7 23 69
-392.7 23 70
-392.7 23 71
-392.7 23 72
-392.7 23 73
-392.7 23 74
-392.7 23 75
-392.7 23 76
-392.7 23 77
-392.7 23 78
-392.7 23 79
-392.7 23 80
-392.7 23 81
-392.7 23 82
-392.7 23 83
-392.7 23 84
-392.7 23 85
-392.7 23 86
-392.7 23 87
-392.7 23 88
-392.7 23 89
-392.7 23 90
-392.7 23 91
-392.7 23 92
-392.7 23 93
-392.7 23 94
-392.7 23 95
-392.7 23 96
-392.7 23 97
-392.7 23 98
-392.7 23 99
-392.7 23 100
-392.8 24 1
-392.7 24 2
-392.7 24 3
-392.7 24 4
-392.7 24 5
-392.7 24 6
-392.7 24 7
-392.7 24 8
-392.7 24 9
-392.7 24 10
-392.7 24 11
-392.7 24 12
-392.7 24 13
-392.7 24 14
-392.7 24 15
-392.7 24 16
-392.7 24 17
-392.7 24 18
-392.7 24 19
-392.7 24 20
-392.7 24 21
-392.7 24 22
-392.7 24 23
-392.7 24 24
-392.7 24 25
-392.7 24 26
-392.7 24 27
-392.7 24 28
-392.7 24 29
-392.7 24 30
-392.7 24 31
-392.7 24 32
-392.7 24 33
-392.7 24 34
-392.7 24 35
-392.7 24 36
-392.7 24 37
-392.7 24 38
-392.7 24 39
-392.7 24 40
-392.7 24 41
-392.7 24 42
-392.7 24 43
-392.7 24 44
-392.7 24 45
-392.7 24 46
-392.7 24 47
-392.7 24 48
-392.7 24 49
-392.7 24 50
-392.7 24 51
-392.7 24 52
-392.7 24 53
-392.7 24 54
-392.7 24 55
-392.7 24 56
-392.7 24 57
-392.7 24 58
-392.7 24 59
-392.7 24 60
-392.7 24 61
-392.7 24 62
-392.7 24 63
-392.7 24 64
-392.7 24 65
-392.7 24 66
-392.7 24 67
-392.7 24 68
-392.7 24 69
-392.7 24 70
-392.7 24 71
-392.7 24 72
-392.7 24 73
-392.7 24 74
-392.7 24 75
-392.7 24 76
-392.7 24 77
-392.7 24 78
-392.7 24 79
-392.7 24 80
-392.7 24 81
-392.7 24 82
-392.7 24 83
-392.7 24 84
-392.7 24 85
-392.7 24 86
-392.7 24 87
-392.7 24 88
-392.7 24 89
-392.7 24 90
-392.7 24 91
-392.7 24 92
-392.7 24 93
-392.7 24 94
-392.7 24 95
-392.7 24 96
-392.7 24 97
-392.7 24 98
-392.7 24 99
-392.7 24 100
-392.8 25 1
-392.7 25 2
-392.7 25 3
-392.7 25 4
-392.7 25 5
-392.7 25 6
-392.7 25 7
-392.7 25 8
-392.7 25 9
-392.7 25 10
-392.7 25 11
-392.7 25 12
-392.7 25 13
-392.7 25 14
-392.7 25 15
-392.7 25 16
-392.7 25 17
-392.7 25 18
-392.7 25 19
-392.7 25 20
-392.7 25 21
-392.7 25 22
-392.7 25 23
-392.7 25 24
-392.7 25 25
-392.7 25 26
-392.7 25 27
-392.7 25 28
-392.7 25 29
-392.7 25 30
-392.7 25 31
-392.7 25 32
-392.7 25 33
-392.7 25 34
-392.7 25 35
-392.7 25 36
-392.7 25 37
-392.7 25 38
-392.7 25 39
-392.7 25 40
-392.7 25 41
-392.7 25 42
-392.7 25 43
-392.7 25 44
-392.7 25 45
-392.7 25 46
-392.7 25 47
-392.7 25 48
-392.7 25 49
-392.7 25 50
-392.7 25 51
-392.7 25 52
-392.7 25 53
-392.7 25 54
-392.7 25 55
-392.7 25 56
-392.7 25 57
-392.7 25 58
-392.7 25 59
-392.7 25 60
-392.7 25 61
-392.7 25 62
-392.7 25 63
-392.7 25 64
-392.7 25 65
-392.7 25 66
-392.7 25 67
-392.7 25 68
-392.7 25 69
-392.7 25 70
-392.7 25 71
-392.7 25 72
-392.7 25 73
-392.7 25 74
-392.7 25 75
-392.7 25 76
-392.7 25 77
-392.7 25 78
-392.7 25 79
-392.7 25 80
-392.7 25 81
-392.7 25 82
-392.7 25 83
-392.7 25 84
-392.7 25 85
-392.7 25 86
-392.7 25 87
-392.7 25 88
-392.7 25 89
-392.7 25 90
-392.7 25 91
-392.7 25 92
-392.7 25 93
-392.7 25 94
-392.7 25 95
-392.7 25 96
-392.7 25 97
-392.7 25 98
-392.7 25 99
-392.7 25 100
-392.8 26 1
-392.7 26 2
-392.7 26 3
-392.7 26 4
-392.7 26 5
-392.7 26 6
-392.7 26 7
-392.7 26 8
-392.7 26 9
-392.7 26 10
-392.7 26 11
-392.7 26 12
-392.7 26 13
-392.7 26 14
-392.7 26 15
-392.7 26 16
-392.7 26 17
-392.7 26 18
-392.7 26 19
-392.7 26 20
-392.7 26 21
-392.7 26 22
-392.7 26 23
-392.7 26 24
-392.7 26 25
-392.7 26 26
-392.7 26 27
-392.7 26 28
-392.7 26 29
-392.7 26 30
-392.7 26 31
-392.7 26 32
-392.7 26 33
-392.7 26 34
-392.7 26 35
-392.7 26 36
-392.7 26 37
-392.7 26 38
-392.7 26 39
-392.7 26 40
-392.7 26 41
-392.7 26 42
-392.7 26 43
-392.7 26 44
-392.7 26 45
-392.7 26 46
-392.7 26 47
-392.7 26 48
-392.7 26 49
-392.7 26 50
-392.7 26 51
-392.7 26 52
-392.7 26 53
-392.7 26 54
-392.7 26 55
-392.7 26 56
-392.7 26 57
-392.7 26 58
-392.7 26 59
-392.7 26 60
-392.7 26 61
-392.7 26 62
-392.7 26 63
-392.7 26 64
-392.7 26 65
-392.7 26 66
-392.7 26 67
-392.7 26 68
-392.7 26 69
-392.7 26 70
-392.7 26 71
-392.7 26 72
-392.7 26 73
-392.7 26 74
-392.7 26 75
-392.7 26 76
-392.7 26 77
-392.7 26 78
-392.7 26 79
-392.7 26 80
-392.7 26 81
-392.7 26 82
-392.7 26 83
-392.7 26 84
-392.7 26 85
-392.7 26 86
-392.7 26 87
-392.7 26 88
-392.7 26 89
-392.7 26 90
-392.7 26 91
-392.7 26 92
-392.7 26 93
-392.7 26 94
-392.7 26 95
-392.7 26 96
-392.7 26 97
-392.7 26 98
-392.7 26 99
-392.7 26 100
-392.8 27 1
-392.7 27 2
-392.7 27 3
-392.7 27 4
-392.7 27 5
-392.7 27 6
-392.7 27 7
-392.7 27 8
-392.7 27 9
-392.7 27 10
-392.7 27 11
-392.7 27 12
-392.7 27 13
-392.7 27 14
-392.7 27 15
-392.7 27 16
-392.7 27 17
-392.7 27 18
-392.7 27 19
-392.7 27 20
-392.7 27 21
-392.7 27 22
-392.7 27 23
-392.7 27 24
-392.7 27 25
-392.7 27 26
-392.7 27 27
-392.7 27 28
-392.7 27 29
-392.7 27 30
-392.7 27 31
-392.7 27 32
-392.7 27 33
-392.7 27 34
-392.7 27 35
-392.7 27 36
-392.7 27 37
-392.7 27 38
-392.7 27 39
-392.7 27 40
-392.7 27 41
-392.7 27 42
-392.7 27 43
-392.7 27 44
-392.7 27 45
-392.7 27 46
-392.7 27 47
-392.7 27 48
-392.7 27 49
-392.7 27 50
-392.7 27 51
-392.7 27 52
-392.7 27 53
-392.7 27 54
-392.7 27 55
-392.7 27 56
-392.7 27 57
-392.7 27 58
-392.7 27 59
-392.7 27 60
-392.7 27 61
-392.7 27 62
-392.7 27 63
-392.7 27 64
-392.7 27 65
-392.7 27 66
-392.7 27 67
-392.7 27 68
-392.7 27 69
-392.7 27 70
-392.7 27 71
-392.7 27 72
-392.7 27 73
-392.7 27 74
-392.7 27 75
-392.7 27 76
-392.7 27 77
-392.7 27 78
-392.7 27 79
-392.7 27 80
-392.7 27 81
-392.7 27 82
-392.7 27 83
-392.7 27 84
-392.7 27 85
-392.7 27 86
-392.7 27 87
-392.7 27 88
-392.7 27 89
-392.7 27 90
-392.7 27 91
-392.7 27 92
-392.7 27 93
-392.7 27 94
-392.7 27 95
-392.7 27 96
-392.7 27 97
-392.7 27 98
-392.7 27 99
-392.7 27 100
-392.8 28 1
-392.7 28 2
-392.7 28 3
-392.7 28 4
-392.7 28 5
-392.7 28 6
-392.7 28 7
-392.7 28 8
-392.7 28 9
-392.7 28 10
-392.7 28 11
-392.7 28 12
-392.7 28 13
-392.7 28 14
-392.7 28 15
-392.7 28 16
-392.7 28 17
-392.7 28 18
-392.7 28 19
-392.7 28 20
-392.7 28 21
-392.7 28 22
-392.7 28 23
-392.7 28 24
-392.7 28 25
-392.7 28 26
-392.7 28 27
-392.7 28 28
-392.7 28 29
-392.7 28 30
-392.7 28 31
-392.7 28 32
-392.7 28 33
-392.7 28 34
-392.7 28 35
-392.7 28 36
-392.7 28 37
-392.7 28 38
-392.7 28 39
-392.7 28 40
-392.7 28 41
-392.7 28 42
-392.7 28 43
-392.7 28 44
-392.7 28 45
-392.7 28 46
-392.7 28 47
-392.7 28 48
-392.7 28 49
-392.7 28 50
-392.7 28 51
-392.7 28 52
-392.7 28 53
-392.7 28 54
-392.7 28 55
-392.7 28 56
-392.7 28 57
-392.7 28 58
-392.7 28 59
-392.7 28 60
-392.7 28 61
-392.7 28 62
-392.7 28 63
-392.7 28 64
-392.7 28 65
-392.7 28 66
-392.7 28 67
-392.7 28 68
-392.7 28 69
-392.7 28 70
-392.7 28 71
-392.7 28 72
-392.7 28 73
-392.7 28 74
-392.7 28 75
-392.7 28 76
-392.7 28 77
-392.7 28 78
-392.7 28 79
-392.7 28 80
-392.7 28 81
-392.7 28 82
-392.7 28 83
-392.7 28 84
-392.7 28 85
-392.7 28 86
-392.7 28 87
-392.7 28 88
-392.7 28 89
-392.7 28 90
-392.7 28 91
-392.7 28 92
-392.7 28 93
-392.7 28 94
-392.7 28 95
-392.7 28 96
-392.7 28 97
-392.7 28 98
-392.7 28 99
-392.7 28 100
-392.8 29 1
-392.7 29 2
-392.7 29 3
-392.7 29 4
-392.7 29 5
-392.7 29 6
-392.7 29 7
-392.7 29 8
-392.7 29 9
-392.7 29 10
-392.7 29 11
-392.7 29 12
-392.7 29 13
-392.7 29 14
-392.7 29 15
-392.7 29 16
-392.7 29 17
-392.7 29 18
-392.7 29 19
-392.7 29 20
-392.7 29 21
-392.7 29 22
-392.7 29 23
-392.7 29 24
-392.7 29 25
-392.7 29 26
-392.7 29 27
-392.7 29 28
-392.7 29 29
-392.7 29 30
-392.7 29 31
-392.7 29 32
-392.7 29 33
-392.7 29 34
-392.7 29 35
-392.7 29 36
-392.7 29 37
-392.7 29 38
-392.7 29 39
-392.7 29 40
-392.7 29 41
-392.7 29 42
-392.7 29 43
-392.7 29 44
-392.7 29 45
-392.7 29 46
-392.7 29 47
-392.7 29 48
-392.7 29 49
-392.7 29 50
-392.7 29 51
-392.7 29 52
-392.7 29 53
-392.7 29 54
-392.7 29 55
-392.7 29 56
-392.7 29 57
-392.7 29 58
-392.7 29 59
-392.7 29 60
-392.7 29 61
-392.7 29 62
-392.7 29 63
-392.7 29 64
-392.7 29 65
-392.7 29 66
-392.7 29 67
-392.7 29 68
-392.7 29 69
-392.7 29 70
-392.7 29 71
-392.7 29 72
-392.7 29 73
-392.7 29 74
-392.7 29 75
-392.7 29 76
-392.7 29 77
-392.7 29 78
-392.7 29 79
-392.7 29 80
-392.7 29 81
-392.7 29 82
-392.7 29 83
-392.7 29 84
-392.7 29 85
-392.7 29 86
-392.7 29 87
-392.7 29 88
-392.7 29 89
-392.7 29 90
-392.7 29 91
-392.7 29 92
-392.7 29 93
-392.7 29 94
-392.7 29 95
-392.7 29 96
-392.7 29 97
-392.7 29 98
-392.7 29 99
-392.7 29 100
-392.8 30 1
-392.7 30 2
-392.7 30 3
-392.7 30 4
-392.7 30 5
-392.7 30 6
-392.7 30 7
-392.7 30 8
-392.7 30 9
-392.7 30 10
-392.7 30 11
-392.7 30 12
-392.7 30 13
-392.7 30 14
-392.7 30 15
-392.7 30 16
-392.7 30 17
-392.7 30 18
-392.7 30 19
-392.7 30 20
-392.7 30 21
-392.7 30 22
-392.7 30 23
-392.7 30 24
-392.7 30 25
-392.7 30 26
-392.7 30 27
-392.7 30 28
-392.7 30 29
-392.7 30 30
-392.7 30 31
-392.7 30 32
-392.7 30 33
-392.7 30 34
-392.7 30 35
-392.7 30 36
-392.7 30 37
-392.7 30 38
-392.7 30 39
-392.7 30 40
-392.7 30 41
-392.7 30 42
-392.7 30 43
-392.7 30 44
-392.7 30 45
-392.7 30 46
-392.7 30 47
-392.7 30 48
-392.7 30 49
-392.7 30 50
-392.7 30 51
-392.7 30 52
-392.7 30 53
-392.7 30 54
-392.7 30 55
-392.7 30 56
-392.7 30 57
-392.7 30 58
-392.7 30 59
-392.7 30 60
-392.7 30 61
-392.7 30 62
-392.7 30 63
-392.7 30 64
-392.7 30 65
-392.7 30 66
-392.7 30 67
-392.7 30 68
-392.7 30 69
-392.7 30 70
-392.7 30 71
-392.7 30 72
-392.7 30 73
-392.7 30 74
-392.7 30 75
-392.7 30 76
-392.7 30 77
-392.7 30 78
-392.7 30 79
-392.7 30 80
-392.7 30 81
-392.7 30 82
-392.7 30 83
-392.7 30 84
-392.7 30 85
-392.7 30 86
-392.7 30 87
-392.7 30 88
-392.7 30 89
-392.7 30 90
-392.7 30 91
-392.7 30 92
-392.7 30 93
-392.7 30 94
-392.7 30 95
-392.7 30 96
-392.7 30 97
-392.7 30 98
-392.7 30 99
-392.7 30 100
